# UltraTide data for line 5093P1001/a001
#Shot    Time               status  ultraTide 
#Name: ACO.ULTRATIDE1
  4360   1251136943.9720    0     0.30 
  4361   1251136949.4480    0     0.30 
  4362   1251136954.9920    0     0.30 
  4363   1251136960.5320    0     0.30 
  4364   1251136966.0320    0     0.30 
  4365   1251136971.5040    0     0.30 
  4366   1251136977.1760    0     0.30 
  4367   1251136982.7120    0     0.30 
  4368   1251136988.2320    0     0.30 
  4369   1251136993.7720    0     0.30 
  4370   1251136999.2960    0     0.30 
  4371   1251137004.8040    0     0.30 
  4372   1251137010.3520    0     0.30 
  4373   1251137015.8960    0     0.30 
  4374   1251137021.3760    0     0.30 
  4375   1251137026.9720    0     0.30 
  4376   1251137032.5240    0     0.30 
  4377   1251137038.1080    0     0.30 
  4378   1251137043.5400    0     0.30 
  4379   1251137049.1360    0     0.30 
  4380   1251137054.7720    0     0.30 
  4381   1251137060.3560    0     0.30 
  4382   1251137066.0000    0     0.30 
  4383   1251137071.4880    0     0.30 
  4384   1251137077.0720    0     0.30 
  4385   1251137082.5840    0     0.30 
  4386   1251137088.1920    0     0.30 
  4387   1251137093.7760    0     0.30 
  4388   1251137099.3160    0     0.30 
  4389   1251137104.8920    0     0.30 
  4390   1251137110.4560    0     0.30 
  4391   1251137115.9440    0     0.30 
  4392   1251137121.6120    0     0.30 
  4393   1251137127.1280    0     0.30 
  4394   1251137132.6720    0     0.30 
  4395   1251137138.2040    0     0.30 
  4396   1251137143.8560    0     0.30 
  4397   1251137149.3840    0     0.30 
  4398   1251137155.0040    0     0.30 
  4399   1251137160.5480    0     0.30 
  4400   1251137166.1160    0     0.30 
  4401   1251137171.8080    0     0.30 
  4402   1251137177.3040    0     0.30 
  4403   1251137182.8960    0     0.30 
  4404   1251137188.5240    0     0.30 
  4405   1251137194.0640    0     0.30 
  4406   1251137199.6920    0     0.30 
  4407   1251137205.2000    0     0.30 
  4408   1251137210.8280    0     0.30 
  4409   1251137216.3280    0     0.30 
  4410   1251137221.8360    0     0.30 
  4411   1251137227.4440    0     0.30 
  4412   1251137233.0800    0     0.30 
  4413   1251137238.5480    0     0.30 
  4414   1251137244.1280    0     0.30 
  4415   1251137249.7400    0     0.30 
  4416   1251137255.3120    0     0.30 
  4417   1251137260.8600    0     0.30 
  4418   1251137266.3240    0     0.30 
  4419   1251137271.9560    0     0.30 
  4420   1251137277.5440    0     0.30 
  4421   1251137283.0960    0     0.30 
  4422   1251137288.7760    0     0.30 
  4423   1251137294.2360    0     0.30 
  4424   1251137299.9080    0     0.30 
  4425   1251137305.5080    0     0.30 
  4426   1251137310.9640    0     0.30 
  4427   1251137316.5440    0     0.30 
  4428   1251137322.0960    0     0.30 
  4429   1251137327.7480    0     0.30 
  4430   1251137333.4640    0     0.30 
  4431   1251137339.0320    0     0.30 
  4432   1251137344.6080    0     0.30 
  4433   1251137350.3000    0     0.30 
  4434   1251137355.8320    0     0.30 
  4435   1251137361.3680    0     0.30 
  4436   1251137366.8760    0     0.30 
  4437   1251137372.4920    0     0.30 
  4438   1251137378.0720    0     0.30 
  4439   1251137383.6040    0     0.30 
  4440   1251137389.2240    0     0.30 
  4441   1251137394.7240    0     0.30 
  4442   1251137400.3120    0     0.25 
  4443   1251137405.7720    0     0.25 
  4444   1251137411.4840    0     0.25 
  4445   1251137416.9600    0     0.25 
  4446   1251137422.5640    0     0.25 
  4447   1251137428.0600    0     0.25 
  4448   1251137433.5240    0     0.25 
  4449   1251137439.1520    0     0.25 
  4450   1251137444.6320    0     0.25 
  4451   1251137450.2480    0     0.25 
  4452   1251137455.6920    0     0.25 
  4453   1251137461.2960    0     0.25 
  4454   1251137466.7400    0     0.25 
  4455   1251137472.2640    0     0.25 
  4456   1251137477.7720    0     0.25 
  4457   1251137483.2320    0     0.25 
  4458   1251137488.7240    0     0.25 
  4459   1251137494.2600    0     0.25 
  4460   1251137499.6840    0     0.25 
  4461   1251137505.1960    0     0.25 
  4462   1251137510.4880    0     0.25 
  4463   1251137516.0040    0     0.25 
  4464   1251137521.5040    0     0.25 
  4465   1251137526.9760    0     0.25 
  4466   1251137532.4560    0     0.25 
  4467   1251137537.9400    0     0.25 
  4468   1251137543.3920    0     0.25 
  4469   1251137548.9240    0     0.25 
  4470   1251137554.3200    0     0.25 
  4471   1251137559.8760    0     0.25 
  4472   1251137565.2200    0     0.25 
  4473   1251137570.6760    0     0.25 
  4474   1251137576.2040    0     0.25 
  4475   1251137581.5720    0     0.25 
  4476   1251137587.1160    0     0.25 
  4477   1251137592.6360    0     0.25 
  4478   1251137598.0800    0     0.25 
  4479   1251137603.4480    0     0.25 
  4480   1251137608.9440    0     0.25 
  4481   1251137614.3160    0     0.25 
  4482   1251137619.6520    0     0.25 
  4483   1251137625.0440    0     0.25 
  4484   1251137630.5120    0     0.25 
  4485   1251137635.7720    0     0.25 
  4486   1251137641.2080    0     0.25 
  4487   1251137646.5840    0     0.25 
  4488   1251137651.9760    0     0.25 
  4489   1251137657.3120    0     0.25 
  4490   1251137662.7040    0     0.25 
  4491   1251137668.0360    0     0.25 
  4492   1251137673.4000    0     0.25 
  4493   1251137678.6960    0     0.25 
  4494   1251137683.9760    0     0.25 
  4495   1251137689.2960    0     0.25 
  4496   1251137694.5640    0     0.25 
  4497   1251137699.9200    0     0.25 
  4498   1251137705.2240    0     0.25 
  4499   1251137710.4880    0     0.25 
  4500   1251137715.8680    0     0.25 
  4501   1251137721.1160    0     0.25 
  4502   1251137726.4920    0     0.25 
  4503   1251137731.7640    0     0.25 
  4504   1251137737.1000    0     0.25 
  4505   1251137742.3600    0     0.25 
  4506   1251137747.6400    0     0.25 
  4507   1251137752.9880    0     0.25 
  4508   1251137758.1800    0     0.25 
  4509   1251137763.4520    0     0.25 
  4510   1251137768.8440    0     0.25 
  4511   1251137774.0760    0     0.25 
  4512   1251137779.3720    0     0.25 
  4513   1251137784.6640    0     0.25 
  4514   1251137790.0000    0     0.25 
  4515   1251137795.2560    0     0.25 
  4516   1251137800.5600    0     0.25 
  4517   1251137805.8440    0     0.25 
  4518   1251137811.1000    0     0.25 
  4519   1251137816.3720    0     0.25 
  4520   1251137821.7120    0     0.25 
  4521   1251137827.0720    0     0.25 
  4522   1251137832.3240    0     0.25 
  4523   1251137837.6800    0     0.25 
  4524   1251137842.8520    0     0.25 
  4525   1251137848.1400    0     0.25 
  4526   1251137853.4160    0     0.25 
  4527   1251137858.6360    0     0.25 
  4528   1251137863.8880    0     0.25 
  4529   1251137869.1200    0     0.25 
  4530   1251137874.3720    0     0.25 
  4531   1251137879.6160    0     0.25 
  4532   1251137884.8080    0     0.25 
  4533   1251137890.1480    0     0.25 
  4534   1251137895.2920    0     0.25 
  4535   1251137900.4360    0     0.25 
  4536   1251137905.7040    0     0.25 
  4537   1251137910.9440    0     0.25 
  4538   1251137916.1240    0     0.25 
  4539   1251137921.3720    0     0.25 
  4540   1251137926.4720    0     0.25 
  4541   1251137931.7240    0     0.25 
  4542   1251137936.8680    0     0.25 
  4543   1251137942.2320    0     0.25 
  4544   1251137947.2880    0     0.25 
  4545   1251137952.5520    0     0.25 
  4546   1251137957.5880    0     0.25 
  4547   1251137962.8480    0     0.25 
  4548   1251137967.9680    0     0.25 
  4549   1251137973.2160    0     0.25 
  4550   1251137978.3240    0     0.25 
  4551   1251137983.6960    0     0.25 
  4552   1251137988.7280    0     0.25 
  4553   1251137993.9880    0     0.25 
  4554   1251137999.1120    0     0.25 
  4555   1251138004.3200    0     0.21 
  4556   1251138009.4120    0     0.21 
  4557   1251138014.6280    0     0.21 
  4558   1251138019.8440    0     0.21 
  4559   1251138024.9120    0     0.21 
  4560   1251138030.1960    0     0.21 
  4561   1251138035.2240    0     0.21 
  4562   1251138040.4040    0     0.21 
  4563   1251138045.5960    0     0.21 
  4564   1251138050.7760    0     0.21 
  4565   1251138055.8640    0     0.21 
  4566   1251138060.9640    0     0.21 
  4567   1251138066.1800    0     0.21 
  4568   1251138071.2280    0     0.21 
  4569   1251138076.4200    0     0.21 
  4570   1251138081.4840    0     0.21 
  4571   1251138086.6760    0     0.21 
  4572   1251138091.7920    0     0.21 
  4573   1251138096.8760    0     0.21 
  4574   1251138102.0160    0     0.21 
  4575   1251138107.2120    0     0.21 
  4576   1251138112.2760    0     0.21 
  4577   1251138117.4440    0     0.21 
  4578   1251138122.4480    0     0.21 
  4579   1251138127.5160    0     0.21 
  4580   1251138132.6840    0     0.21 
  4581   1251138137.7880    0     0.21 
  4582   1251138142.8640    0     0.21 
  4583   1251138147.9720    0     0.21 
  4584   1251138153.0400    0     0.21 
  4585   1251138158.0920    0     0.21 
  4586   1251138163.2040    0     0.21 
  4587   1251138168.2720    0     0.21 
  4588   1251138173.3280    0     0.21 
  4589   1251138178.4680    0     0.21 
  4590   1251138183.5760    0     0.21 
  4591   1251138188.6440    0     0.21 
  4592   1251138193.7000    0     0.21 
  4593   1251138198.8160    0     0.21 
  4594   1251138203.8240    0     0.21 
  4595   1251138208.9800    0     0.21 
  4596   1251138214.0200    0     0.21 
  4597   1251138219.1240    0     0.21 
  4598   1251138224.1560    0     0.21 
  4599   1251138229.2200    0     0.21 
  4600   1251138234.4040    0     0.21 
  4601   1251138239.4880    0     0.21 
  4602   1251138244.5440    0     0.21 
  4603   1251138249.6840    0     0.21 
  4604   1251138254.7440    0     0.21 
  4605   1251138259.8440    0     0.21 
  4606   1251138264.8600    0     0.21 
  4607   1251138269.8160    0     0.21 
  4608   1251138274.9960    0     0.21 
  4609   1251138280.1160    0     0.21 
  4610   1251138285.1760    0     0.21 
  4611   1251138290.4080    0     0.21 
  4612   1251138295.5280    0     0.21 
  4613   1251138300.6320    0     0.21 
  4614   1251138305.6520    0     0.21 
  4615   1251138310.8960    0     0.21 
  4616   1251138316.0560    0     0.21 
  4617   1251138321.1920    0     0.21 
  4618   1251138326.3760    0     0.21 
  4619   1251138331.5040    0     0.21 
  4620   1251138336.6640    0     0.21 
  4621   1251138341.8240    0     0.21 
  4622   1251138346.9040    0     0.21 
  4623   1251138352.0800    0     0.21 
  4624   1251138357.2000    0     0.21 
  4625   1251138362.3440    0     0.21 
  4626   1251138367.4960    0     0.21 
  4627   1251138372.6400    0     0.21 
  4628   1251138377.7840    0     0.21 
  4629   1251138382.8920    0     0.21 
  4630   1251138388.0440    0     0.21 
  4631   1251138393.1440    0     0.21 
  4632   1251138398.2800    0     0.21 
  4633   1251138403.4560    0     0.21 
  4634   1251138408.5200    0     0.21 
  4635   1251138413.7600    0     0.21 
  4636   1251138418.7920    0     0.21 
  4637   1251138423.9880    0     0.21 
  4638   1251138429.1520    0     0.21 
  4639   1251138434.2640    0     0.21 
  4640   1251138439.4960    0     0.21 
  4641   1251138444.6320    0     0.21 
  4642   1251138449.8000    0     0.21 
  4643   1251138454.8440    0     0.21 
  4644   1251138460.0400    0     0.21 
  4645   1251138465.2000    0     0.21 
  4646   1251138470.3400    0     0.21 
  4647   1251138475.4520    0     0.21 
  4648   1251138480.6040    0     0.21 
  4649   1251138485.7640    0     0.21 
  4650   1251138490.8640    0     0.21 
  4651   1251138496.0520    0     0.21 
  4652   1251138501.1560    0     0.21 
  4653   1251138506.2720    0     0.21 
  4654   1251138511.3800    0     0.21 
  4655   1251138516.4400    0     0.21 
  4656   1251138521.6240    0     0.21 
  4657   1251138526.7240    0     0.21 
  4658   1251138531.8080    0     0.21 
  4659   1251138536.9800    0     0.21 
  4660   1251138542.0600    0     0.21 
  4661   1251138547.1800    0     0.21 
  4662   1251138552.3360    0     0.21 
  4663   1251138557.5040    0     0.21 
  4664   1251138562.5640    0     0.21 
  4665   1251138567.6720    0     0.21 
  4666   1251138572.8560    0     0.21 
  4667   1251138578.0000    0     0.21 
  4668   1251138583.1080    0     0.21 
  4669   1251138588.3640    0     0.21 
  4670   1251138593.5080    0     0.21 
  4671   1251138598.7760    0     0.21 
  4672   1251138604.1080    0     0.17 
  4673   1251138609.2960    0     0.17 
  4674   1251138614.6320    0     0.17 
  4675   1251138619.9240    0     0.17 
  4676   1251138625.1400    0     0.17 
  4677   1251138630.4680    0     0.17 
  4678   1251138635.7320    0     0.17 
  4679   1251138641.0200    0     0.17 
  4680   1251138646.3720    0     0.17 
  4681   1251138651.5120    0     0.17 
  4682   1251138656.8080    0     0.17 
  4683   1251138662.2080    0     0.17 
  4684   1251138667.4560    0     0.17 
  4685   1251138672.7880    0     0.17 
  4686   1251138678.1240    0     0.17 
  4687   1251138683.4000    0     0.17 
  4688   1251138688.6520    0     0.17 
  4689   1251138693.9800    0     0.17 
  4690   1251138699.3160    0     0.17 
  4691   1251138704.5520    0     0.17 
  4692   1251138709.8600    0     0.17 
  4693   1251138715.1800    0     0.17 
  4694   1251138720.4520    0     0.17 
  4695   1251138725.7760    0     0.17 
  4696   1251138731.0800    0     0.17 
  4697   1251138736.3560    0     0.17 
  4698   1251138741.6680    0     0.17 
  4699   1251138747.0000    0     0.17 
  4700   1251138752.3040    0     0.17 
  4701   1251138757.6160    0     0.17 
  4702   1251138762.8320    0     0.17 
  4703   1251138768.1720    0     0.17 
  4704   1251138773.4120    0     0.17 
  4705   1251138778.7800    0     0.17 
  4706   1251138784.0640    0     0.17 
  4707   1251138789.5200    0     0.17 
  4708   1251138794.7600    0     0.17 
  4709   1251138800.0600    0     0.17 
  4710   1251138805.3000    0     0.17 
  4711   1251138810.6760    0     0.17 
  4712   1251138815.8800    0     0.17 
  4713   1251138821.2200    0     0.17 
  4714   1251138826.4840    0     0.17 
  4715   1251138831.8640    0     0.17 
  4716   1251138837.2160    0     0.17 
  4717   1251138842.5160    0     0.17 
  4718   1251138847.8400    0     0.17 
  4719   1251138853.0960    0     0.17 
  4720   1251138858.4040    0     0.17 
  4721   1251138863.6960    0     0.17 
  4722   1251138869.0560    0     0.17 
  4723   1251138874.4040    0     0.17 
  4724   1251138879.6240    0     0.17 
  4725   1251138884.9320    0     0.17 
  4726   1251138890.3080    0     0.17 
  4727   1251138895.5520    0     0.17 
  4728   1251138900.8760    0     0.17 
  4729   1251138906.1600    0     0.17 
  4730   1251138911.5040    0     0.17 
  4731   1251138916.8400    0     0.17 
  4732   1251138922.0720    0     0.17 
  4733   1251138927.3880    0     0.17 
  4734   1251138932.6800    0     0.17 
  4735   1251138938.0760    0     0.17 
  4736   1251138943.2440    0     0.17 
  4737   1251138948.5840    0     0.17 
  4738   1251138953.8160    0     0.17 
  4739   1251138959.2080    0     0.17 
  4740   1251138964.4160    0     0.17 
  4741   1251138969.7160    0     0.17 
  4742   1251138975.0600    0     0.17 
  4743   1251138980.3880    0     0.17 
  4744   1251138985.5800    0     0.17 
  4745   1251138990.9160    0     0.17 
  4746   1251138996.3000    0     0.17 
  4747   1251139001.6000    0     0.17 
  4748   1251139006.9080    0     0.17 
  4749   1251139012.2080    0     0.17 
  4750   1251139017.5800    0     0.17 
  4751   1251139022.8720    0     0.17 
  4752   1251139028.1600    0     0.17 
  4753   1251139033.4840    0     0.17 
  4754   1251139038.8120    0     0.17 
  4755   1251139044.1440    0     0.17 
  4756   1251139049.4840    0     0.17 
  4757   1251139054.8280    0     0.17 
  4758   1251139060.1200    0     0.17 
  4759   1251139065.5840    0     0.17 
  4760   1251139070.8080    0     0.17 
  4761   1251139076.1560    0     0.17 
  4762   1251139081.5480    0     0.17 
  4763   1251139086.8680    0     0.17 
  4764   1251139092.2120    0     0.17 
  4765   1251139097.4960    0     0.17 
  4766   1251139102.8520    0     0.17 
  4767   1251139108.2200    0     0.17 
  4768   1251139113.5320    0     0.17 
  4769   1251139118.8000    0     0.17 
  4770   1251139124.1640    0     0.17 
  4771   1251139129.5480    0     0.17 
  4772   1251139134.7160    0     0.17 
  4773   1251139140.0400    0     0.17 
  4774   1251139145.3240    0     0.17 
  4775   1251139150.6480    0     0.17 
  4776   1251139156.1120    0     0.17 
  4777   1251139161.3160    0     0.17 
  4778   1251139166.7560    0     0.17 
  4779   1251139172.0400    0     0.17 
  4780   1251139177.3320    0     0.17 
  4781   1251139182.7520    0     0.17 
  4782   1251139188.0640    0     0.17 
  4783   1251139193.4680    0     0.17 
  4784   1251139198.7960    0     0.17 
  4785   1251139204.2120    0     0.11 
  4786   1251139209.5560    0     0.11 
  4787   1251139214.8960    0     0.11 
  4788   1251139220.2880    0     0.11 
  4789   1251139225.5440    0     0.11 
  4790   1251139230.9760    0     0.11 
  4791   1251139236.2680    0     0.11 
  4792   1251139241.5120    0     0.11 
  4793   1251139246.8920    0     0.11 
  4794   1251139252.3000    0     0.11 
  4795   1251139257.5720    0     0.11 
  4796   1251139262.9720    0     0.11 
  4797   1251139268.3280    0     0.11 
  4798   1251139273.7080    0     0.11 
  4799   1251139279.1360    0     0.11 
  4800   1251139284.3600    0     0.11 
  4801   1251139289.7520    0     0.11 
  4802   1251139295.0720    0     0.11 
  4803   1251139300.4000    0     0.11 
  4804   1251139305.9000    0     0.11 
  4805   1251139311.0640    0     0.11 
  4806   1251139316.5920    0     0.11 
  4807   1251139321.8800    0     0.11 
  4808   1251139327.1520    0     0.11 
  4809   1251139332.5640    0     0.11 
  4810   1251139337.8400    0     0.11 
  4811   1251139343.2520    0     0.11 
  4812   1251139348.5560    0     0.11 
  4813   1251139353.9720    0     0.11 
  4814   1251139359.3440    0     0.11 
  4815   1251139364.7320    0     0.11 
  4816   1251139370.0840    0     0.11 
  4817   1251139375.5000    0     0.11 
  4818   1251139380.8600    0     0.11 
  4819   1251139386.1920    0     0.11 
  4820   1251139391.6080    0     0.11 
  4821   1251139396.9720    0     0.11 
  4822   1251139402.3400    0     0.11 
  4823   1251139407.7520    0     0.11 
  4824   1251139413.0120    0     0.11 
  4825   1251139418.3880    0     0.11 
  4826   1251139423.7000    0     0.11 
  4827   1251139429.0880    0     0.11 
  4828   1251139434.4720    0     0.11 
  4829   1251139439.7880    0     0.11 
  4830   1251139445.2120    0     0.11 
  4831   1251139450.5720    0     0.11 
  4832   1251139455.9680    0     0.11 
  4833   1251139461.2680    0     0.11 
  4834   1251139466.7000    0     0.11 
  4835   1251139472.0360    0     0.11 
  4836   1251139477.4440    0     0.11 
  4837   1251139482.8880    0     0.11 
  4838   1251139488.3560    0     0.11 
  4839   1251139493.9080    0     0.11 
  4840   1251139499.5120    0     0.11 
  4841   1251139505.0920    0     0.11 
  4842   1251139510.6400    0     0.11 
  4843   1251139516.3160    0     0.11 
  4844   1251139521.9080    0     0.11 
  4845   1251139527.5240    0     0.11 
  4846   1251139533.1840    0     0.11 
  4847   1251139538.7680    0     0.11 
  4848   1251139544.4240    0     0.11 
  4849   1251139550.0040    0     0.11 
  4850   1251139555.6960    0     0.11 
  4851   1251139561.3920    0     0.11 
  4852   1251139566.9920    0     0.11 
  4853   1251139572.6480    0     0.11 
  4854   1251139578.3600    0     0.11 
  4855   1251139584.0440    0     0.11 
  4856   1251139589.6480    0     0.11 
  4857   1251139595.3160    0     0.11 
  4858   1251139601.0440    0     0.11 
  4859   1251139606.6680    0     0.11 
  4860   1251139612.4240    0     0.11 
  4861   1251139618.2440    0     0.11 
  4862   1251139623.8920    0     0.11 
  4863   1251139629.6760    0     0.11 
  4864   1251139635.4360    0     0.11 
  4865   1251139641.2200    0     0.11 
  4866   1251139647.0760    0     0.11 
  4867   1251139652.8680    0     0.11 
  4868   1251139658.6680    0     0.11 
  4869   1251139664.5960    0     0.11 
  4870   1251139670.4880    0     0.11 
  4871   1251139676.2440    0     0.11 
  4872   1251139682.1560    0     0.11 
  4873   1251139688.0120    0     0.11 
  4874   1251139693.8320    0     0.11 
  4875   1251139699.7160    0     0.11 
  4876   1251139705.5800    0     0.11 
  4877   1251139711.4520    0     0.11 
  4878   1251139717.3680    0     0.11 
  4879   1251139723.2000    0     0.11 
  4880   1251139729.0640    0     0.11 
  4881   1251139734.8600    0     0.11 
  4882   1251139740.6680    0     0.11 
  4883   1251139746.5240    0     0.11 
  4884   1251139752.3880    0     0.11 
  4885   1251139758.2080    0     0.11 
  4886   1251139763.8920    0     0.11 
  4887   1251139769.6800    0     0.11 
  4888   1251139775.4200    0     0.11 
  4889   1251139781.1120    0     0.11 
  4890   1251139786.9400    0     0.11 
  4891   1251139792.6840    0     0.11 
  4892   1251139798.4920    0     0.11 
  4893   1251139804.2480    0     0.08 
  4894   1251139809.8760    0     0.08 
  4895   1251139815.7000    0     0.08 
  4896   1251139821.4280    0     0.08 
  4897   1251139827.1480    0     0.08 
  4898   1251139832.8280    0     0.08 
  4899   1251139838.6160    0     0.08 
  4900   1251139844.4000    0     0.08 
  4901   1251139850.1400    0     0.08 
  4902   1251139855.8400    0     0.08 
  4903   1251139861.5760    0     0.08 
  4904   1251139867.2680    0     0.08 
  4905   1251139873.0400    0     0.08 
  4906   1251139878.8280    0     0.08 
  4907   1251139884.5360    0     0.08 
  4908   1251139890.3640    0     0.08 
  4909   1251139896.1760    0     0.08 
  4910   1251139901.9200    0     0.08 
  4911   1251139907.7320    0     0.08 
  4912   1251139913.3960    0     0.08 
  4913   1251139919.2000    0     0.08 
  4914   1251139924.9600    0     0.08 
  4915   1251139930.7720    0     0.08 
  4916   1251139936.5720    0     0.08 
  4917   1251139942.2720    0     0.08 
  4918   1251139947.9360    0     0.08 
  4919   1251139953.6760    0     0.08 
  4920   1251139959.4480    0     0.08 
  4921   1251139965.2040    0     0.08 
  4922   1251139970.8240    0     0.08 
  4923   1251139976.5800    0     0.08 
  4924   1251139982.2960    0     0.08 
  4925   1251139988.0200    0     0.08 
  4926   1251139993.7200    0     0.08 
  4927   1251139999.3920    0     0.08 
  4928   1251140005.0960    0     0.08 
  4929   1251140010.8640    0     0.08 
  4930   1251140016.5280    0     0.08 
  4931   1251140022.2240    0     0.08 
  4932   1251140027.9080    0     0.08 
  4933   1251140033.6280    0     0.08 
  4934   1251140039.3360    0     0.08 
  4935   1251140044.9440    0     0.08 
  4936   1251140050.6960    0     0.08 
  4937   1251140056.4000    0     0.08 
  4938   1251140062.0200    0     0.08 
  4939   1251140067.6760    0     0.08 
  4940   1251140073.4280    0     0.08 
  4941   1251140078.9720    0     0.08 
  4942   1251140084.7560    0     0.08 
  4943   1251140090.3360    0     0.08 
  4944   1251140096.0560    0     0.08 
  4945   1251140101.5800    0     0.08 
  4946   1251140107.2200    0     0.08 
  4947   1251140113.0640    0     0.08 
  4948   1251140118.7400    0     0.08 
  4949   1251140124.4040    0     0.08 
  4950   1251140130.0160    0     0.08 
  4951   1251140135.6920    0     0.08 
  4952   1251140141.3120    0     0.08 
  4953   1251140147.0160    0     0.08 
  4954   1251140152.7040    0     0.08 
  4955   1251140158.3800    0     0.08 
  4956   1251140163.9320    0     0.08 
  4957   1251140169.6600    0     0.08 
  4958   1251140175.4760    0     0.08 
  4959   1251140181.1360    0     0.08 
  4960   1251140186.7440    0     0.08 
  4961   1251140192.3880    0     0.08 
  4962   1251140197.9160    0     0.08 
  4963   1251140203.6640    0     0.08 
  4964   1251140209.3040    0     0.08 
  4965   1251140214.9560    0     0.08 
  4966   1251140220.7080    0     0.08 
  4967   1251140226.3320    0     0.08 
  4968   1251140231.9120    0     0.08 
  4969   1251140237.6760    0     0.08 
  4970   1251140243.2480    0     0.08 
  4971   1251140248.8920    0     0.08 
  4972   1251140254.5800    0     0.08 
  4973   1251140260.2920    0     0.08 
  4974   1251140265.8000    0     0.08 
  4975   1251140271.4480    0     0.08 
  4976   1251140277.0080    0     0.08 
  4977   1251140282.7120    0     0.08 
  4978   1251140288.3200    0     0.08 
  4979   1251140293.8800    0     0.08 
  4980   1251140299.5200    0     0.08 
  4981   1251140305.1280    0     0.08 
  4982   1251140310.7160    0     0.08 
  4983   1251140316.4520    0     0.08 
  4984   1251140321.9160    0     0.08 
  4985   1251140327.5000    0     0.08 
  4986   1251140333.1560    0     0.08 
  4987   1251140338.6480    0     0.08 
  4988   1251140344.2240    0     0.08 
  4989   1251140349.7680    0     0.08 
  4990   1251140355.4080    0     0.08 
  4991   1251140360.9080    0     0.08 
  4992   1251140366.4320    0     0.08 
  4993   1251140372.1000    0     0.08 
  4994   1251140377.6000    0     0.08 
  4995   1251140383.2760    0     0.08 
  4996   1251140388.7360    0     0.08 
  4997   1251140394.2400    0     0.08 
  4998   1251140399.9600    0     0.09 
  4999   1251140405.3120    0     0.09 
  5000   1251140410.9400    0     0.09 
  5001   1251140416.5640    0     0.09 
  5002   1251140422.0680    0     0.09 
  5003   1251140427.5680    0     0.09 
  5004   1251140433.1440    0     0.09 
  5005   1251140438.6960    0     0.09 
  5006   1251140444.3040    0     0.09 
  5007   1251140449.7760    0     0.09 
  5008   1251140455.2880    0     0.09 
  5009   1251140460.8160    0     0.09 
  5010   1251140466.3200    0     0.09 
  5011   1251140471.8200    0     0.09 
  5012   1251140477.4600    0     0.09 
  5013   1251140483.0480    0     0.09 
  5014   1251140488.5560    0     0.09 
  5015   1251140494.1120    0     0.09 
  5016   1251140499.5720    0     0.09 
  5017   1251140505.1400    0     0.09 
  5018   1251140510.8280    0     0.09 
  5019   1251140516.3120    0     0.09 
  5020   1251140521.9040    0     0.09 
  5021   1251140527.4960    0     0.09 
  5022   1251140533.0280    0     0.09 
  5023   1251140538.5640    0     0.09 
  5024   1251140544.1640    0     0.09 
  5025   1251140549.6760    0     0.09 
  5026   1251140555.2480    0     0.09 
  5027   1251140560.7440    0     0.09 
  5028   1251140566.3240    0     0.09 
  5029   1251140571.8840    0     0.09 
  5030   1251140577.4440    0     0.09 
  5031   1251140582.9560    0     0.09 
  5032   1251140588.4080    0     0.09 
  5033   1251140594.0400    0     0.09 
  5034   1251140599.5560    0     0.09 
  5035   1251140605.0880    0     0.09 
  5036   1251140610.5240    0     0.09 
  5037   1251140616.0840    0     0.09 
  5038   1251140621.6160    0     0.09 
  5039   1251140627.1760    0     0.09 
  5040   1251140632.6360    0     0.09 
  5041   1251140638.2480    0     0.09 
  5042   1251140643.7400    0     0.09 
  5043   1251140649.1960    0     0.09 
  5044   1251140654.8320    0     0.09 
  5045   1251140660.1840    0     0.09 
  5046   1251140665.8120    0     0.09 
  5047   1251140671.3760    0     0.09 
  5048   1251140676.8920    0     0.09 
  5049   1251140682.4240    0     0.09 
  5050   1251140687.9360    0     0.09 
  5051   1251140693.4880    0     0.09 
  5052   1251140699.0200    0     0.09 
  5053   1251140704.5800    0     0.09 
  5054   1251140710.0160    0     0.09 
  5055   1251140715.4720    0     0.09 
  5056   1251140720.9240    0     0.09 
  5057   1251140726.4360    0     0.09 
  5058   1251140731.9600    0     0.09 
  5059   1251140737.3560    0     0.09 
  5060   1251140742.9480    0     0.09 
  5061   1251140748.4880    0     0.09 
  5062   1251140753.9960    0     0.09 
  5063   1251140759.4880    0     0.09 
  5064   1251140765.0320    0     0.09 
  5065   1251140770.4040    0     0.09 
  5066   1251140775.9760    0     0.09 
  5067   1251140781.5000    0     0.09 
  5068   1251140786.9480    0     0.09 
  5069   1251140792.4640    0     0.09 
  5070   1251140797.8800    0     0.09 
  5071   1251140803.4440    0     0.09 
  5072   1251140808.8720    0     0.09 
  5073   1251140814.4320    0     0.09 
  5074   1251140819.7720    0     0.09 
  5075   1251140825.3480    0     0.09 
  5076   1251140830.8520    0     0.09 
  5077   1251140836.3080    0     0.09 
  5078   1251140841.8120    0     0.09 
  5079   1251140847.3480    0     0.09 
  5080   1251140852.7920    0     0.09 
  5081   1251140858.2840    0     0.09 
  5082   1251140863.7440    0     0.09 
  5083   1251140869.1320    0     0.09 
  5084   1251140874.6280    0     0.09 
  5085   1251140880.0480    0     0.09 
  5086   1251140885.5160    0     0.09 
  5087   1251140891.0080    0     0.09 
  5088   1251140896.4840    0     0.09 
  5089   1251140901.9760    0     0.09 
  5090   1251140907.5560    0     0.09 
  5091   1251140912.9960    0     0.09 
  5092   1251140918.5000    0     0.09 
  5093   1251140924.0520    0     0.09 
  5094   1251140929.4440    0     0.09 
  5095   1251140934.9320    0     0.09 
  5096   1251140940.4480    0     0.09 
  5097   1251140945.8640    0     0.09 
  5098   1251140951.3480    0     0.09 
  5099   1251140956.8680    0     0.09 
  5100   1251140962.3520    0     0.09 
  5101   1251140967.8480    0     0.09 
  5102   1251140973.4000    0     0.09 
  5103   1251140978.7800    0     0.09 
  5104   1251140984.3160    0     0.09 
  5105   1251140989.7400    0     0.09 
  5106   1251140995.2080    0     0.09 
  5107   1251141000.6320    0     0.05 
  5108   1251141005.9760    0     0.05 
  5109   1251141011.5560    0     0.05 
  5110   1251141016.9520    0     0.05 
  5111   1251141022.3840    0     0.05 
  5112   1251141027.8480    0     0.05 
  5113   1251141033.3760    0     0.05 
  5114   1251141038.8320    0     0.05 
  5115   1251141044.3120    0     0.05 
  5116   1251141049.7600    0     0.05 
  5117   1251141055.2280    0     0.05 
  5118   1251141060.7360    0     0.05 
  5119   1251141066.0720    0     0.05 
  5120   1251141071.5960    0     0.05 
  5121   1251141077.0760    0     0.05 
  5122   1251141082.5720    0     0.05 
  5123   1251141087.9920    0     0.05 
  5124   1251141093.4240    0     0.05 
  5125   1251141098.9160    0     0.05 
  5126   1251141104.3080    0     0.05 
  5127   1251141109.7080    0     0.05 
  5128   1251141115.1680    0     0.05 
  5129   1251141120.6920    0     0.05 
  5130   1251141126.1040    0     0.05 
  5131   1251141131.6160    0     0.05 
  5132   1251141137.0200    0     0.05 
  5133   1251141142.4200    0     0.05 
  5134   1251141147.8960    0     0.05 
  5135   1251141153.3280    0     0.05 
  5136   1251141158.6480    0     0.05 
  5137   1251141164.0920    0     0.05 
  5138   1251141169.5800    0     0.05 
  5139   1251141175.0400    0     0.05 
  5140   1251141180.4080    0     0.05 
  5141   1251141185.8440    0     0.05 
  5142   1251141191.3000    0     0.05 
  5143   1251141196.7200    0     0.05 
  5144   1251141202.1800    0     0.05 
  5145   1251141207.6640    0     0.05 
  5146   1251141213.0160    0     0.05 
  5147   1251141218.5160    0     0.05 
  5148   1251141223.8920    0     0.05 
  5149   1251141229.2760    0     0.05 
  5150   1251141234.7400    0     0.05 
  5151   1251141240.1960    0     0.05 
  5152   1251141245.5200    0     0.05 
  5153   1251141250.9120    0     0.05 
  5154   1251141256.4040    0     0.05 
  5155   1251141261.8120    0     0.05 
  5156   1251141267.2800    0     0.05 
  5157   1251141272.7920    0     0.05 
  5158   1251141278.3280    0     0.05 
  5159   1251141283.8240    0     0.05 
  5160   1251141289.4160    0     0.05 
  5161   1251141294.8120    0     0.05 
  5162   1251141300.3240    0     0.05 
  5163   1251141305.8560    0     0.05 
  5164   1251141311.2720    0     0.05 
  5165   1251141316.8600    0     0.05 
  5166   1251141322.2520    0     0.05 
  5167   1251141327.7400    0     0.05 
  5168   1251141333.2760    0     0.05 
  5169   1251141338.7440    0     0.05 
  5170   1251141344.1640    0     0.05 
  5171   1251141349.7600    0     0.05 
  5172   1251141355.2440    0     0.05 
  5173   1251141360.8400    0     0.05 
  5174   1251141366.3360    0     0.05 
  5175   1251141371.7840    0     0.05 
  5176   1251141377.2400    0     0.05 
  5177   1251141382.8040    0     0.05 
  5178   1251141388.2920    0     0.05 
  5179   1251141393.9120    0     0.05 
  5180   1251141399.3480    0     0.05 
  5181   1251141404.8760    0     0.05 
  5182   1251141410.4120    0     0.05 
  5183   1251141415.8360    0     0.05 
  5184   1251141421.3680    0     0.05 
  5185   1251141426.7720    0     0.05 
  5186   1251141432.2520    0     0.05 
  5187   1251141437.6760    0     0.05 
  5188   1251141443.2400    0     0.05 
  5189   1251141448.7000    0     0.05 
  5190   1251141454.2680    0     0.05 
  5191   1251141459.7240    0     0.05 
  5192   1251141465.1480    0     0.05 
  5193   1251141470.6800    0     0.05 
  5194   1251141476.1080    0     0.05 
  5195   1251141481.6680    0     0.05 
  5196   1251141487.1040    0     0.05 
  5197   1251141492.5920    0     0.05 
  5198   1251141498.0480    0     0.05 
  5199   1251141503.5040    0     0.05 
  5200   1251141509.0400    0     0.05 
  5201   1251141514.5960    0     0.05 
  5202   1251141520.1240    0     0.05 
  5203   1251141525.4440    0     0.05 
  5204   1251141531.0280    0     0.05 
  5205   1251141536.5000    0     0.05 
  5206   1251141541.8160    0     0.05 
  5207   1251141547.5520    0     0.05 
  5208   1251141552.9280    0     0.05 
  5209   1251141558.5000    0     0.05 
  5210   1251141563.9200    0     0.05 
  5211   1251141569.4120    0     0.05 
  5212   1251141574.8920    0     0.05 
  5213   1251141580.5000    0     0.05 
  5214   1251141585.9560    0     0.05 
  5215   1251141591.4560    0     0.05 
  5216   1251141596.9240    0     0.05 
  5217   1251141602.4080    0     -0.01 
  5218   1251141607.8680    0     -0.01 
  5219   1251141613.3480    0     -0.01 
  5220   1251141618.8640    0     -0.01 
  5221   1251141624.3520    0     -0.01 
  5222   1251141629.8080    0     -0.01 
  5223   1251141635.2880    0     -0.01 
  5224   1251141640.7080    0     -0.01 
  5225   1251141646.2200    0     -0.01 
  5226   1251141651.7160    0     -0.01 
  5227   1251141657.1320    0     -0.01 
  5228   1251141662.6840    0     -0.01 
  5229   1251141668.0920    0     -0.01 
  5230   1251141673.4880    0     -0.01 
  5231   1251141679.0040    0     -0.01 
  5232   1251141684.4520    0     -0.01 
  5233   1251141689.8840    0     -0.01 
  5234   1251141695.3440    0     -0.01 
  5235   1251141700.8120    0     -0.01 
  5236   1251141706.2560    0     -0.01 
  5237   1251141711.6520    0     -0.01 
  5238   1251141717.2240    0     -0.01 
  5239   1251141722.7240    0     -0.01 
  5240   1251141728.1240    0     -0.01 
  5241   1251141733.6360    0     -0.01 
  5242   1251141739.0440    0     -0.01 
  5243   1251141744.5920    0     -0.01 
  5244   1251141750.0920    0     -0.01 
  5245   1251141755.4560    0     -0.01 
  5246   1251141760.9160    0     -0.01 
  5247   1251141766.4000    0     -0.01 
  5248   1251141771.9280    0     -0.01 
  5249   1251141777.2880    0     -0.01 
  5250   1251141782.9600    0     -0.01 
  5251   1251141788.2160    0     -0.01 
  5252   1251141793.8160    0     -0.01 
  5253   1251141799.1880    0     -0.01 
  5254   1251141804.7920    0     -0.01 
  5255   1251141810.2240    0     -0.01 
  5256   1251141815.6840    0     -0.01 
  5257   1251141821.1560    0     -0.01 
  5258   1251141826.6400    0     -0.01 
  5259   1251141832.1480    0     -0.01 
  5260   1251141837.5600    0     -0.01 
  5261   1251141843.0720    0     -0.01 
  5262   1251141848.4560    0     -0.01 
  5263   1251141853.9400    0     -0.01 
  5264   1251141859.3760    0     -0.01 
  5265   1251141864.8160    0     -0.01 
  5266   1251141870.2840    0     -0.01 
  5267   1251141875.7320    0     -0.01 
  5268   1251141881.1680    0     -0.01 
  5269   1251141886.6880    0     -0.01 
  5270   1251141892.0680    0     -0.01 
  5271   1251141897.5480    0     -0.01 
  5272   1251141902.9680    0     -0.01 
  5273   1251141908.4840    0     -0.01 
  5274   1251141913.8960    0     -0.01 
  5275   1251141919.4400    0     -0.01 
  5276   1251141924.7320    0     -0.01 
  5277   1251141930.2600    0     -0.01 
  5278   1251141935.7400    0     -0.01 
  5279   1251141941.1360    0     -0.01 
  5280   1251141946.6000    0     -0.01 
  5281   1251141952.0760    0     -0.01 
  5282   1251141957.5080    0     -0.01 
  5283   1251141963.0040    0     -0.01 
  5284   1251141968.3680    0     -0.01 
  5285   1251141973.9040    0     -0.01 
  5286   1251141979.3560    0     -0.01 
  5287   1251141984.8120    0     -0.01 
  5288   1251141990.2640    0     -0.01 
  5289   1251141995.6760    0     -0.01 
  5290   1251142001.1280    0     -0.01 
  5291   1251142006.5600    0     -0.01 
  5292   1251142011.8640    0     -0.01 
  5293   1251142017.3440    0     -0.01 
  5294   1251142022.7680    0     -0.01 
  5295   1251142028.1440    0     -0.01 
  5296   1251142033.6240    0     -0.01 
  5297   1251142039.0440    0     -0.01 
  5298   1251142044.4720    0     -0.01 
  5299   1251142049.9360    0     -0.01 
  5300   1251142055.4120    0     -0.01 
  5301   1251142060.8080    0     -0.01 
  5302   1251142066.2560    0     -0.01 
  5303   1251142071.7000    0     -0.01 
  5304   1251142077.0600    0     -0.01 
  5305   1251142082.6000    0     -0.01 
  5306   1251142087.9440    0     -0.01 
  5307   1251142093.5040    0     -0.01 
  5308   1251142098.8920    0     -0.01 
  5309   1251142104.3200    0     -0.01 
  5310   1251142109.6400    0     -0.01 
  5311   1251142115.1520    0     -0.01 
  5312   1251142120.5760    0     -0.01 
  5313   1251142125.9440    0     -0.01 
  5314   1251142131.4520    0     -0.01 
  5315   1251142136.9000    0     -0.01 
  5316   1251142142.3520    0     -0.01 
  5317   1251142147.7520    0     -0.01 
  5318   1251142153.2120    0     -0.01 
  5319   1251142158.6320    0     -0.01 
  5320   1251142164.0040    0     -0.01 
  5321   1251142169.4280    0     -0.01 
  5322   1251142174.8840    0     -0.01 
  5323   1251142180.3160    0     -0.01 
  5324   1251142185.7240    0     -0.01 
  5325   1251142191.1520    0     -0.01 
  5326   1251142196.6240    0     -0.01 
  5327   1251142202.0160    0     0.00 
  5328   1251142207.3240    0     0.00 
  5329   1251142212.7480    0     0.00 
  5330   1251142218.1920    0     0.00 
  5331   1251142223.7000    0     0.00 
  5332   1251142229.0800    0     0.00 
  5333   1251142234.5360    0     0.00 
  5334   1251142239.9000    0     0.00 
  5335   1251142245.4240    0     0.00 
  5336   1251142250.7080    0     0.00 
  5337   1251142256.1040    0     0.00 
  5338   1251142261.7520    0     0.00 
  5339   1251142267.1080    0     0.00 
  5340   1251142272.5720    0     0.00 
  5341   1251142277.9960    0     0.00 
  5342   1251142283.5200    0     0.00 
  5343   1251142288.8480    0     0.00 
  5344   1251142294.3600    0     0.00 
  5345   1251142299.7480    0     0.00 
  5346   1251142305.1520    0     0.00 
  5347   1251142310.5840    0     0.00 
  5348   1251142316.0200    0     0.00 
  5349   1251142321.4920    0     0.00 
  5350   1251142326.8200    0     0.00 
  5351   1251142332.2800    0     0.00 
  5352   1251142337.6440    0     0.00 
  5353   1251142343.0720    0     0.00 
  5354   1251142348.5000    0     0.00 
  5355   1251142353.8400    0     0.00 
  5356   1251142359.3120    0     0.00 
  5357   1251142364.6880    0     0.00 
  5358   1251142370.1320    0     0.00 
  5359   1251142375.4320    0     0.00 
  5360   1251142380.8720    0     0.00 
  5361   1251142386.2400    0     0.00 
  5362   1251142391.7600    0     0.00 
  5363   1251142397.1880    0     0.00 
  5364   1251142402.5480    0     0.00 
  5365   1251142407.9520    0     0.00 
  5366   1251142413.3560    0     0.00 
  5367   1251142418.8640    0     0.00 
  5368   1251142424.2120    0     0.00 
  5369   1251142429.5680    0     0.00 
  5370   1251142435.0200    0     0.00 
  5371   1251142440.3920    0     0.00 
  5372   1251142445.7640    0     0.00 
  5373   1251142451.2960    0     0.00 
  5374   1251142456.6520    0     0.00 
  5375   1251142462.0400    0     0.00 
  5376   1251142467.4280    0     0.00 
  5377   1251142472.9800    0     0.00 
  5378   1251142478.3560    0     0.00 
  5379   1251142483.7080    0     0.00 
  5380   1251142489.1640    0     0.00 
  5381   1251142494.5200    0     0.00 
  5382   1251142499.9720    0     0.00 
  5383   1251142505.3480    0     0.00 
  5384   1251142510.6520    0     0.00 
  5385   1251142516.0400    0     0.00 
  5386   1251142521.5360    0     0.00 
  5387   1251142526.8640    0     0.00 
  5388   1251142532.2160    0     0.00 
  5389   1251142537.6120    0     0.00 
  5390   1251142543.0720    0     0.00 
  5391   1251142548.4000    0     0.00 
  5392   1251142553.8880    0     0.00 
  5393   1251142559.1520    0     0.00 
  5394   1251142564.5680    0     0.00 
  5395   1251142569.9840    0     0.00 
  5396   1251142575.3640    0     0.00 
  5397   1251142580.7360    0     0.00 
  5398   1251142586.0760    0     0.00 
  5399   1251142591.4960    0     0.00 
  5400   1251142596.8640    0     0.00 
  5401   1251142602.2680    0     0.00 
  5402   1251142607.6280    0     0.00 
  5403   1251142613.0200    0     0.00 
  5404   1251142618.3400    0     0.00 
  5405   1251142623.8520    0     0.00 
  5406   1251142629.1800    0     0.00 
  5407   1251142634.5640    0     0.00 
  5408   1251142639.9400    0     0.00 
  5409   1251142645.3240    0     0.00 
  5410   1251142650.6600    0     0.00 
  5411   1251142656.0880    0     0.00 
  5412   1251142661.5720    0     0.00 
  5413   1251142667.0000    0     0.00 
  5414   1251142672.3240    0     0.00 
  5415   1251142677.7800    0     0.00 
  5416   1251142683.1760    0     0.00 
  5417   1251142688.6440    0     0.00 
  5418   1251142693.9840    0     0.00 
  5419   1251142699.4440    0     0.00 
  5420   1251142704.8360    0     0.00 
  5421   1251142710.3040    0     0.00 
  5422   1251142715.7560    0     0.00 
  5423   1251142721.2000    0     0.00 
  5424   1251142726.5800    0     0.00 
  5425   1251142731.9280    0     0.00 
  5426   1251142737.4000    0     0.00 
  5427   1251142742.7600    0     0.00 
  5428   1251142748.2960    0     0.00 
  5429   1251142753.6840    0     0.00 
  5430   1251142759.0760    0     0.00 
  5431   1251142764.5960    0     0.00 
  5432   1251142769.9720    0     0.00 
  5433   1251142775.3600    0     0.00 
  5434   1251142780.7320    0     0.00 
  5435   1251142786.1840    0     0.00 
  5436   1251142791.5960    0     0.00 
  5437   1251142797.1000    0     0.00 
  5438   1251142802.6400    0     -0.06 
  5439   1251142808.0560    0     -0.06 
  5440   1251142813.4200    0     -0.06 
  5441   1251142818.8440    0     -0.06 
  5442   1251142824.4600    0     -0.06 
  5443   1251142829.8480    0     -0.06 
  5444   1251142835.2160    0     -0.06 
  5445   1251142840.7600    0     -0.06 
  5446   1251142846.2320    0     -0.06 
  5447   1251142851.7080    0     -0.06 
  5448   1251142857.2760    0     -0.06 
  5449   1251142862.5680    0     -0.06 
  5450   1251142868.0080    0     -0.06 
  5451   1251142873.4680    0     -0.06 
  5452   1251142878.9280    0     -0.06 
  5453   1251142884.2560    0     -0.06 
  5454   1251142889.7280    0     -0.06 
  5455   1251142895.1600    0     -0.06 
  5456   1251142900.5200    0     -0.06 
  5457   1251142906.1160    0     -0.06 
  5458   1251142911.5640    0     -0.06 
  5459   1251142917.0040    0     -0.06 
  5460   1251142922.3560    0     -0.06 
  5461   1251142927.9120    0     -0.06 
  5462   1251142933.3240    0     -0.06 
  5463   1251142938.7720    0     -0.06 
  5464   1251142944.2880    0     -0.06 
  5465   1251142949.7120    0     -0.06 
  5466   1251142955.2480    0     -0.06 
  5467   1251142960.6880    0     -0.06 
  5468   1251142966.2040    0     -0.06 
  5469   1251142971.6480    0     -0.06 
  5470   1251142977.0920    0     -0.06 
  5471   1251142982.5440    0     -0.06 
  5472   1251142988.0880    0     -0.06 
  5473   1251142993.5840    0     -0.06 
  5474   1251142999.0880    0     -0.06 
  5475   1251143004.6520    0     -0.06 
  5476   1251143010.1160    0     -0.06 
  5477   1251143015.6080    0     -0.06 
  5478   1251143021.0480    0     -0.06 
  5479   1251143026.5840    0     -0.06 
  5480   1251143032.0200    0     -0.06 
  5481   1251143037.4560    0     -0.06 
  5482   1251143042.9240    0     -0.06 
  5483   1251143048.3600    0     -0.06 
  5484   1251143053.8160    0     -0.06 
  5485   1251143059.3240    0     -0.06 
  5486   1251143064.7640    0     -0.06 
  5487   1251143070.1040    0     -0.06 
  5488   1251143075.6400    0     -0.06 
  5489   1251143081.0200    0     -0.06 
  5490   1251143086.5200    0     -0.06 
  5491   1251143091.9200    0     -0.06 
  5492   1251143097.4000    0     -0.06 
  5493   1251143102.8880    0     -0.06 
  5494   1251143108.3440    0     -0.06 
  5495   1251143113.8200    0     -0.06 
  5496   1251143119.2360    0     -0.06 
  5497   1251143124.6920    0     -0.06 
  5498   1251143130.1520    0     -0.06 
  5499   1251143135.6720    0     -0.06 
  5500   1251143141.0960    0     -0.06 
  5501   1251143146.5800    0     -0.06 
  5502   1251143152.0360    0     -0.06 
  5503   1251143157.5840    0     -0.06 
  5504   1251143163.0080    0     -0.06 
  5505   1251143168.4240    0     -0.06 
  5506   1251143173.8680    0     -0.06 
  5507   1251143179.3800    0     -0.06 
  5508   1251143184.7720    0     -0.06 
  5509   1251143190.2160    0     -0.06 
  5510   1251143195.7480    0     -0.06 
  5511   1251143201.2000    0     -0.06 
  5512   1251143206.7160    0     -0.06 
  5513   1251143212.2040    0     -0.06 
  5514   1251143217.6000    0     -0.06 
  5515   1251143223.0360    0     -0.06 
  5516   1251143228.5360    0     -0.06 
  5517   1251143233.9440    0     -0.06 
  5518   1251143239.3640    0     -0.06 
  5519   1251143244.9120    0     -0.06 
  5520   1251143250.3200    0     -0.06 
  5521   1251143255.8480    0     -0.06 
  5522   1251143261.2800    0     -0.06 
  5523   1251143266.7760    0     -0.06 
  5524   1251143272.2360    0     -0.06 
  5525   1251143277.6240    0     -0.06 
  5526   1251143283.1640    0     -0.06 
  5527   1251143288.4280    0     -0.06 
  5528   1251143293.9600    0     -0.06 
  5529   1251143299.3680    0     -0.06 
  5530   1251143304.8720    0     -0.06 
  5531   1251143310.2880    0     -0.06 
  5532   1251143315.7280    0     -0.06 
  5533   1251143321.2320    0     -0.06 
  5534   1251143326.6120    0     -0.06 
  5535   1251143332.0560    0     -0.06 
  5536   1251143337.4640    0     -0.06 
  5537   1251143342.9640    0     -0.06 
  5538   1251143348.4920    0     -0.06 
  5539   1251143353.9320    0     -0.06 
  5540   1251143359.3520    0     -0.06 
  5541   1251143364.7480    0     -0.06 
  5542   1251143370.2080    0     -0.06 
  5543   1251143375.6120    0     -0.06 
  5544   1251143381.0800    0     -0.06 
  5545   1251143386.5840    0     -0.06 
  5546   1251143392.0040    0     -0.06 
  5547   1251143397.4080    0     -0.06 
  5548   1251143402.9640    0     -0.11 
  5549   1251143408.4000    0     -0.11 
  5550   1251143413.7920    0     -0.11 
  5551   1251143419.2680    0     -0.11 
  5552   1251143424.7320    0     -0.11 
  5553   1251143430.1640    0     -0.11 
  5554   1251143435.5760    0     -0.11 
  5555   1251143440.9880    0     -0.11 
  5556   1251143446.4440    0     -0.11 
  5557   1251143451.8280    0     -0.11 
  5558   1251143457.2920    0     -0.11 
  5559   1251143462.7600    0     -0.11 
  5560   1251143468.1320    0     -0.11 
  5561   1251143473.7320    0     -0.11 
  5562   1251143479.2000    0     -0.11 
  5563   1251143484.5960    0     -0.11 
  5564   1251143490.0520    0     -0.11 
  5565   1251143495.5280    0     -0.11 
  5566   1251143500.9720    0     -0.11 
  5567   1251143506.3080    0     -0.11 
  5568   1251143511.9240    0     -0.11 
  5569   1251143517.2280    0     -0.11 
  5570   1251143522.9080    0     -0.11 
  5571   1251143528.3720    0     -0.11 
  5572   1251143533.8280    0     -0.11 
  5573   1251143539.2880    0     -0.11 
  5574   1251143544.7200    0     -0.11 
  5575   1251143550.1360    0     -0.11 
  5576   1251143555.6880    0     -0.11 
  5577   1251143561.0480    0     -0.11 
  5578   1251143566.4680    0     -0.11 
  5579   1251143571.9360    0     -0.11 
  5580   1251143577.3240    0     -0.11 
  5581   1251143582.7840    0     -0.11 
  5582   1251143588.2360    0     -0.11 
  5583   1251143593.6640    0     -0.11 
  5584   1251143599.0840    0     -0.11 
  5585   1251143604.4080    0     -0.11 
  5586   1251143609.8040    0     -0.11 
  5587   1251143615.3400    0     -0.11 
  5588   1251143620.7960    0     -0.11 
  5589   1251143626.2080    0     -0.11 
  5590   1251143631.7200    0     -0.11 
  5591   1251143637.1960    0     -0.11 
  5592   1251143642.5680    0     -0.11 
  5593   1251143648.0000    0     -0.11 
  5594   1251143653.4360    0     -0.11 
  5595   1251143658.8960    0     -0.11 
  5596   1251143664.2640    0     -0.11 
  5597   1251143669.7400    0     -0.11 
  5598   1251143675.1880    0     -0.11 
  5599   1251143680.5200    0     -0.11 
  5600   1251143686.0400    0     -0.11 
  5601   1251143691.3600    0     -0.11 
  5602   1251143696.7640    0     -0.11 
  5603   1251143702.1200    0     -0.11 
  5604   1251143707.5800    0     -0.11 
  5605   1251143713.0160    0     -0.11 
  5606   1251143718.2800    0     -0.11 
  5607   1251143723.8040    0     -0.11 
  5608   1251143729.1360    0     -0.11 
  5609   1251143734.5800    0     -0.11 
  5610   1251143740.0400    0     -0.11 
  5611   1251143745.4760    0     -0.11 
  5612   1251143750.9560    0     -0.11 
  5613   1251143756.2760    0     -0.11 
  5614   1251143761.7120    0     -0.11 
  5615   1251143767.1280    0     -0.11 
  5616   1251143772.4920    0     -0.11 
  5617   1251143777.9720    0     -0.11 
  5618   1251143783.4120    0     -0.11 
  5619   1251143788.8640    0     -0.11 
  5620   1251143794.2800    0     -0.11 
  5621   1251143799.6920    0     -0.11 
  5622   1251143805.1080    0     -0.11 
  5623   1251143810.4840    0     -0.11 
  5624   1251143815.8400    0     -0.11 
  5625   1251143821.1920    0     -0.11 
  5626   1251143826.6720    0     -0.11 
  5627   1251143832.0880    0     -0.11 
  5628   1251143837.5640    0     -0.11 
  5629   1251143842.9600    0     -0.11 
  5630   1251143848.3840    0     -0.11 
  5631   1251143853.7440    0     -0.11 
  5632   1251143859.1880    0     -0.11 
  5633   1251143864.5240    0     -0.11 
  5634   1251143869.9880    0     -0.11 
  5635   1251143875.4000    0     -0.11 
  5636   1251143880.8960    0     -0.11 
  5637   1251143886.3320    0     -0.11 
  5638   1251143891.7280    0     -0.11 
  5639   1251143897.1240    0     -0.11 
  5640   1251143902.5320    0     -0.11 
  5641   1251143907.8760    0     -0.11 
  5642   1251143913.2360    0     -0.11 
  5643   1251143918.6760    0     -0.11 
  5644   1251143924.1200    0     -0.11 
  5645   1251143929.5160    0     -0.11 
  5646   1251143934.9240    0     -0.11 
  5647   1251143940.4040    0     -0.11 
  5648   1251143945.7960    0     -0.11 
  5649   1251143951.1760    0     -0.11 
  5650   1251143956.3920    0     -0.11 
  5651   1251143962.0360    0     -0.11 
  5652   1251143967.3800    0     -0.11 
  5653   1251143972.9520    0     -0.11 
  5654   1251143978.2920    0     -0.11 
  5655   1251143983.7800    0     -0.11 
  5656   1251143989.1880    0     -0.11 
  5657   1251143994.4600    0     -0.11 
  5658   1251143999.8080    0     -0.13 
  5659   1251144005.3000    0     -0.14 
  5660   1251144010.7160    0     -0.14 
  5661   1251144016.2040    0     -0.14 
  5662   1251144021.6360    0     -0.14 
  5663   1251144026.9400    0     -0.14 
  5664   1251144032.4880    0     -0.14 
  5665   1251144037.8720    0     -0.14 
  5666   1251144043.2640    0     -0.14 
  5667   1251144048.6640    0     -0.14 
  5668   1251144054.1360    0     -0.14 
  5669   1251144059.4520    0     -0.14 
  5670   1251144064.9240    0     -0.14 
  5671   1251144070.4160    0     -0.14 
  5672   1251144075.7920    0     -0.14 
  5673   1251144081.1880    0     -0.14 
  5674   1251144086.6800    0     -0.14 
  5675   1251144092.1320    0     -0.14 
  5676   1251144097.4400    0     -0.14 
  5677   1251144102.9920    0     -0.14 
  5678   1251144108.4120    0     -0.14 
  5679   1251144113.8400    0     -0.14 
  5680   1251144119.2760    0     -0.14 
  5681   1251144124.7400    0     -0.14 
  5682   1251144130.2480    0     -0.14 
  5683   1251144135.5960    0     -0.14 
  5684   1251144141.0080    0     -0.14 
  5685   1251144146.4840    0     -0.14 
  5686   1251144151.7760    0     -0.14 
  5687   1251144157.2440    0     -0.14 
  5688   1251144162.6280    0     -0.14 
  5689   1251144168.1400    0     -0.14 
  5690   1251144173.5640    0     -0.14 
  5691   1251144178.9360    0     -0.14 
  5692   1251144184.3400    0     -0.14 
  5693   1251144189.8080    0     -0.14 
  5694   1251144195.1800    0     -0.14 
  5695   1251144200.6400    0     -0.14 
  5696   1251144206.1440    0     -0.14 
  5697   1251144211.5480    0     -0.14 
  5698   1251144216.9320    0     -0.14 
  5699   1251144222.3520    0     -0.14 
  5700   1251144227.7400    0     -0.14 
  5701   1251144233.1640    0     -0.14 
  5702   1251144238.5440    0     -0.14 
  5703   1251144244.0280    0     -0.14 
  5704   1251144249.4200    0     -0.14 
  5705   1251144254.8720    0     -0.14 
  5706   1251144260.2560    0     -0.14 
  5707   1251144265.7120    0     -0.14 
  5708   1251144271.1000    0     -0.14 
  5709   1251144276.5440    0     -0.14 
  5710   1251144282.0000    0     -0.14 
  5711   1251144287.5680    0     -0.14 
  5712   1251144292.9760    0     -0.14 
  5713   1251144298.4120    0     -0.14 
  5714   1251144303.8360    0     -0.14 
  5715   1251144309.2680    0     -0.14 
  5716   1251144314.6640    0     -0.14 
  5717   1251144320.1400    0     -0.14 
  5718   1251144325.6000    0     -0.14 
  5719   1251144331.0080    0     -0.14 
  5720   1251144336.4760    0     -0.14 
  5721   1251144341.9240    0     -0.14 
  5722   1251144347.2480    0     -0.14 
  5723   1251144352.8280    0     -0.14 
  5724   1251144358.1760    0     -0.14 
  5725   1251144363.6840    0     -0.14 
  5726   1251144369.2280    0     -0.14 
  5727   1251144374.6480    0     -0.14 
  5728   1251144380.1440    0     -0.14 
  5729   1251144385.4840    0     -0.14 
  5730   1251144390.9960    0     -0.14 
  5731   1251144396.4600    0     -0.14 
  5732   1251144401.8960    0     -0.14 
  5733   1251144407.3320    0     -0.14 
  5734   1251144412.7960    0     -0.14 
  5735   1251144418.2280    0     -0.14 
  5736   1251144423.7240    0     -0.14 
  5737   1251144429.0880    0     -0.14 
  5738   1251144434.6800    0     -0.14 
  5739   1251144440.1680    0     -0.14 
  5740   1251144445.5960    0     -0.14 
  5741   1251144451.0840    0     -0.14 
  5742   1251144456.4960    0     -0.14 
  5743   1251144461.8800    0     -0.14 
  5744   1251144467.3920    0     -0.14 
  5745   1251144472.8240    0     -0.14 
  5746   1251144478.2800    0     -0.14 
  5747   1251144483.7440    0     -0.14 
  5748   1251144489.0880    0     -0.14 
  5749   1251144494.4840    0     -0.14 
  5750   1251144499.8920    0     -0.14 
  5751   1251144505.2480    0     -0.14 
  5752   1251144510.7640    0     -0.14 
  5753   1251144516.2400    0     -0.14 
  5754   1251144521.6720    0     -0.14 
  5755   1251144527.0640    0     -0.14 
  5756   1251144532.3960    0     -0.14 
  5757   1251144537.8360    0     -0.14 
  5758   1251144543.2440    0     -0.14 
  5759   1251144548.7160    0     -0.14 
  5760   1251144554.0840    0     -0.14 
  5761   1251144559.5400    0     -0.14 
  5762   1251144564.8920    0     -0.14 
  5763   1251144570.3680    0     -0.14 
  5764   1251144575.8440    0     -0.14 
  5765   1251144581.2160    0     -0.14 
  5766   1251144586.6640    0     -0.14 
  5767   1251144591.9600    0     -0.14 
  5768   1251144597.4200    0     -0.14 
  5769   1251144602.8440    0     -0.09 
  5770   1251144608.2640    0     -0.09 
  5771   1251144613.5880    0     -0.09 
  5772   1251144619.0840    0     -0.09 
  5773   1251144624.5720    0     -0.09 
  5774   1251144629.9320    0     -0.09 
  5775   1251144635.3440    0     -0.09 
  5776   1251144640.8320    0     -0.09 
  5777   1251144646.2440    0     -0.09 
  5778   1251144651.7480    0     -0.09 
  5779   1251144657.2040    0     -0.09 
  5780   1251144662.6680    0     -0.09 
  5781   1251144668.0080    0     -0.09 
  5782   1251144673.5280    0     -0.09 
  5783   1251144679.0480    0     -0.09 
  5784   1251144684.4120    0     -0.09 
  5785   1251144689.9200    0     -0.09 
  5786   1251144695.3800    0     -0.09 
  5787   1251144700.8760    0     -0.09 
  5788   1251144706.3680    0     -0.09 
  5789   1251144711.8040    0     -0.09 
  5790   1251144717.2040    0     -0.09 
  5791   1251144722.5760    0     -0.09 
  5792   1251144727.9560    0     -0.09 
  5793   1251144733.4120    0     -0.09 
  5794   1251144738.7880    0     -0.09 
  5795   1251144744.3800    0     -0.09 
  5796   1251144749.7560    0     -0.09 
  5797   1251144755.1520    0     -0.09 
  5798   1251144760.5000    0     -0.09 
  5799   1251144766.0200    0     -0.09 
  5800   1251144771.4040    0     -0.09 
  5801   1251144776.8360    0     -0.09 
  5802   1251144782.1280    0     -0.09 
  5803   1251144787.5160    0     -0.09 
  5804   1251144792.8920    0     -0.09 
  5805   1251144798.3200    0     -0.09 
  5806   1251144803.7480    0     -0.09 
  5807   1251144809.0720    0     -0.09 
  5808   1251144814.5200    0     -0.09 
  5809   1251144819.8400    0     -0.09 
  5810   1251144825.2880    0     -0.09 
  5811   1251144830.6400    0     -0.09 
  5812   1251144836.0560    0     -0.09 
  5813   1251144841.3360    0     -0.09 
  5814   1251144846.7280    0     -0.09 
  5815   1251144852.1240    0     -0.09 
  5816   1251144857.5480    0     -0.09 
  5817   1251144862.8640    0     -0.09 
  5818   1251144868.1760    0     -0.09 
  5819   1251144873.6160    0     -0.09 
  5820   1251144878.9200    0     -0.09 
  5821   1251144884.3560    0     -0.09 
  5822   1251144889.7640    0     -0.09 
  5823   1251144895.1600    0     -0.09 
  5824   1251144900.4880    0     -0.09 
  5825   1251144905.9920    0     -0.09 
  5826   1251144911.3600    0     -0.09 
  5827   1251144916.7200    0     -0.09 
  5828   1251144922.1520    0     -0.09 
  5829   1251144927.6400    0     -0.09 
  5830   1251144932.9760    0     -0.09 
  5831   1251144938.3640    0     -0.09 
  5832   1251144943.8320    0     -0.09 
  5833   1251144949.2400    0     -0.09 
  5834   1251144954.6680    0     -0.09 
  5835   1251144960.1400    0     -0.09 
  5836   1251144965.5160    0     -0.09 
  5837   1251144970.9240    0     -0.09 
  5838   1251144976.3880    0     -0.09 
  5839   1251144981.7640    0     -0.09 
  5840   1251144987.1400    0     -0.09 
  5841   1251144992.5320    0     -0.09 
  5842   1251144997.9080    0     -0.09 
