# UltraTide data for line 3079F1036/nrt
#Shot    Time               status  ultraTide 
#Name: ACO.ULTRATIDE1
  3430   1252301526.9240    0     0.36 
  3429   1252301532.4200    0     0.36 
  3428   1252301538.1960    0     0.36 
  3427   1252301543.8560    0     0.36 
  3426   1252301549.4560    0     0.36 
  3425   1252301555.0960    0     0.36 
  3424   1252301560.7840    0     0.36 
  3423   1252301566.5080    0     0.36 
  3422   1252301572.2520    0     0.36 
  3421   1252301577.8720    0     0.36 
  3420   1252301583.5160    0     0.36 
  3419   1252301589.2560    0     0.36 
  3418   1252301594.9440    0     0.36 
  3417   1252301600.7080    0     0.36 
  3416   1252301606.2640    0     0.36 
  3415   1252301611.8920    0     0.36 
  3414   1252301617.5320    0     0.36 
  3413   1252301623.1800    0     0.36 
  3412   1252301628.7440    0     0.36 
  3411   1252301634.3280    0     0.36 
  3410   1252301640.0080    0     0.36 
  3409   1252301645.6600    0     0.36 
  3408   1252301651.2440    0     0.36 
  3407   1252301656.9480    0     0.36 
  3406   1252301662.5480    0     0.36 
  3405   1252301668.2000    0     0.36 
  3404   1252301673.8160    0     0.36 
  3403   1252301679.4520    0     0.36 
  3402   1252301684.9520    0     0.36 
  3401   1252301690.6520    0     0.36 
  3400   1252301696.2280    0     0.36 
  3399   1252301701.8000    0     0.36 
  3398   1252301707.5680    0     0.36 
  3397   1252301713.2840    0     0.36 
  3396   1252301718.8160    0     0.36 
  3395   1252301724.5720    0     0.36 
  3394   1252301730.2320    0     0.36 
  3393   1252301735.7720    0     0.36 
  3392   1252301741.4640    0     0.36 
  3391   1252301747.1000    0     0.36 
  3390   1252301752.7680    0     0.36 
  3389   1252301758.3840    0     0.36 
  3388   1252301764.0960    0     0.36 
  3387   1252301769.6320    0     0.36 
  3386   1252301775.3760    0     0.36 
  3385   1252301781.0120    0     0.36 
  3384   1252301786.5160    0     0.36 
  3383   1252301792.2960    0     0.36 
  3382   1252301797.9760    0     0.36 
  3381   1252301803.6720    0     0.36 
  3380   1252301809.2880    0     0.36 
  3379   1252301814.9280    0     0.36 
  3378   1252301820.6280    0     0.36 
  3377   1252301826.2480    0     0.36 
  3376   1252301831.8400    0     0.36 
  3375   1252301837.6400    0     0.36 
  3374   1252301843.2920    0     0.36 
  3373   1252301848.9440    0     0.36 
  3372   1252301854.6120    0     0.36 
  3371   1252301860.2240    0     0.36 
  3370   1252301865.9200    0     0.36 
  3369   1252301871.7320    0     0.36 
  3368   1252301877.3400    0     0.36 
  3367   1252301883.0440    0     0.36 
  3366   1252301888.8040    0     0.36 
  3365   1252301894.4440    0     0.36 
  3364   1252301900.2600    0     0.36 
  3363   1252301905.9240    0     0.36 
  3362   1252301911.5480    0     0.36 
  3361   1252301917.3480    0     0.36 
  3360   1252301923.1000    0     0.36 
  3359   1252301928.6960    0     0.36 
  3358   1252301934.4040    0     0.36 
  3357   1252301940.0800    0     0.36 
  3356   1252301945.7320    0     0.36 
  3355   1252301951.3240    0     0.36 
  3354   1252301957.0400    0     0.36 
  3353   1252301962.8520    0     0.36 
  3352   1252301968.4040    0     0.36 
  3351   1252301974.1800    0     0.36 
  3350   1252301979.9520    0     0.36 
  3349   1252301985.7920    0     0.36 
  3348   1252301991.4160    0     0.36 
  3347   1252301997.2200    0     0.36 
  3346   1252302002.9160    0     0.31 
  3345   1252302008.6840    0     0.31 
  3344   1252302014.4160    0     0.31 
  3343   1252302020.0320    0     0.31 
  3342   1252302025.8360    0     0.31 
  3341   1252302031.4240    0     0.31 
  3340   1252302037.1000    0     0.31 
  3339   1252302042.6760    0     0.31 
  3338   1252302048.3480    0     0.31 
  3337   1252302053.8520    0     0.31 
  3336   1252302059.5520    0     0.31 
  3335   1252302065.1440    0     0.31 
  3334   1252302070.6440    0     0.31 
  3333   1252302076.4840    0     0.31 
  3332   1252302082.0720    0     0.31 
  3331   1252302087.7360    0     0.31 
  3330   1252302093.3160    0     0.31 
  3329   1252302098.9840    0     0.31 
  3328   1252302104.7560    0     0.31 
  3327   1252302110.3680    0     0.31 
  3326   1252302115.9920    0     0.31 
  3325   1252302121.7480    0     0.31 
  3324   1252302127.4640    0     0.31 
  3323   1252302133.1400    0     0.31 
  3322   1252302138.7200    0     0.31 
  3321   1252302144.4040    0     0.31 
  3320   1252302150.1080    0     0.31 
  3319   1252302155.6200    0     0.31 
  3318   1252302161.2640    0     0.31 
  3317   1252302166.8240    0     0.31 
  3316   1252302172.4080    0     0.31 
  3315   1252302178.1520    0     0.31 
  3314   1252302183.6120    0     0.31 
  3313   1252302189.4160    0     0.31 
  3312   1252302195.0600    0     0.31 
  3311   1252302200.5800    0     0.31 
  3310   1252302206.2440    0     0.31 
  3309   1252302211.8000    0     0.31 
  3308   1252302217.4640    0     0.31 
  3307   1252302222.8800    0     0.31 
  3306   1252302228.5400    0     0.31 
  3305   1252302234.1000    0     0.31 
  3304   1252302239.5800    0     0.31 
  3303   1252302245.2720    0     0.31 
  3302   1252302250.9160    0     0.31 
  3301   1252302256.3600    0     0.31 
  3300   1252302262.0960    0     0.31 
  3299   1252302267.8640    0     0.31 
  3298   1252302273.3360    0     0.31 
  3297   1252302279.0880    0     0.31 
  3296   1252302284.6640    0     0.31 
  3295   1252302290.3240    0     0.31 
  3294   1252302295.9160    0     0.31 
  3293   1252302301.5080    0     0.31 
  3292   1252302307.0520    0     0.31 
  3291   1252302312.7200    0     0.31 
  3290   1252302318.2560    0     0.31 
  3289   1252302323.9640    0     0.31 
  3288   1252302329.4080    0     0.31 
  3287   1252302335.0680    0     0.31 
  3286   1252302340.7920    0     0.31 
  3285   1252302346.3920    0     0.31 
  3284   1252302352.0200    0     0.31 
  3283   1252302357.6560    0     0.31 
  3282   1252302363.2640    0     0.31 
  3281   1252302368.8880    0     0.31 
  3280   1252302374.3880    0     0.31 
  3279   1252302380.1160    0     0.31 
  3278   1252302385.6040    0     0.31 
  3277   1252302391.1800    0     0.31 
  3276   1252302396.8200    0     0.31 
  3275   1252302402.3640    0     0.31 
  3274   1252302408.0600    0     0.31 
  3273   1252302413.5520    0     0.31 
  3272   1252302419.1040    0     0.31 
  3271   1252302424.7480    0     0.31 
  3270   1252302430.2440    0     0.31 
  3269   1252302435.8600    0     0.31 
  3268   1252302441.4920    0     0.31 
  3267   1252302447.1240    0     0.31 
  3266   1252302452.5840    0     0.31 
  3265   1252302458.1680    0     0.31 
  3264   1252302463.9080    0     0.31 
  3263   1252302469.3840    0     0.31 
  3262   1252302475.0440    0     0.31 
  3261   1252302480.5520    0     0.31 
  3260   1252302486.1480    0     0.31 
  3259   1252302491.6200    0     0.31 
  3258   1252302497.1040    0     0.31 
  3257   1252302502.9120    0     0.31 
  3256   1252302508.2840    0     0.31 
  3255   1252302513.9440    0     0.31 
  3254   1252302519.5080    0     0.31 
  3253   1252302525.1520    0     0.31 
  3252   1252302530.7160    0     0.31 
  3251   1252302536.1840    0     0.31 
  3250   1252302541.8720    0     0.31 
  3249   1252302547.3160    0     0.31 
  3248   1252302552.9400    0     0.31 
  3247   1252302558.4560    0     0.31 
  3246   1252302564.0320    0     0.31 
  3245   1252302569.6680    0     0.31 
  3244   1252302575.2160    0     0.31 
  3243   1252302580.7320    0     0.31 
  3242   1252302586.2920    0     0.31 
  3241   1252302591.8240    0     0.31 
  3240   1252302597.4920    0     0.31 
  3239   1252302603.0440    0     0.28 
  3238   1252302608.6880    0     0.28 
  3237   1252302614.1880    0     0.28 
  3236   1252302619.8400    0     0.28 
  3235   1252302625.3520    0     0.28 
  3234   1252302630.9240    0     0.28 
  3233   1252302636.5800    0     0.28 
  3232   1252302642.1640    0     0.28 
  3231   1252302647.7080    0     0.28 
  3230   1252302653.1600    0     0.28 
  3229   1252302658.8760    0     0.28 
  3228   1252302664.3280    0     0.28 
  3227   1252302669.8480    0     0.28 
  3226   1252302675.5240    0     0.28 
  3225   1252302681.0280    0     0.28 
  3224   1252302686.6360    0     0.28 
  3223   1252302692.1800    0     0.28 
  3222   1252302697.7960    0     0.28 
  3221   1252302703.2640    0     0.28 
  3220   1252302708.9000    0     0.28 
  3219   1252302714.5160    0     0.28 
  3218   1252302720.0200    0     0.28 
  3217   1252302725.6440    0     0.28 
  3216   1252302731.2480    0     0.28 
  3215   1252302736.7840    0     0.28 
  3214   1252302742.3680    0     0.28 
  3213   1252302747.8760    0     0.28 
  3212   1252302753.4360    0     0.28 
  3211   1252302758.9880    0     0.28 
  3210   1252302764.7280    0     0.28 
  3209   1252302770.2320    0     0.28 
  3208   1252302775.7440    0     0.28 
  3207   1252302781.3000    0     0.28 
  3206   1252302787.0560    0     0.28 
  3205   1252302792.6360    0     0.28 
  3204   1252302798.2560    0     0.28 
  3203   1252302803.8480    0     0.28 
  3202   1252302809.3840    0     0.28 
  3201   1252302815.0480    0     0.28 
  3200   1252302820.6200    0     0.28 
  3199   1252302826.1400    0     0.28 
  3198   1252302831.7520    0     0.28 
  3197   1252302837.3760    0     0.28 
  3196   1252302842.9520    0     0.28 
  3195   1252302848.4320    0     0.28 
  3194   1252302854.0920    0     0.28 
  3193   1252302859.7240    0     0.28 
  3192   1252302865.3040    0     0.28 
  3191   1252302870.9640    0     0.28 
  3190   1252302876.4920    0     0.28 
  3189   1252302882.1080    0     0.28 
  3188   1252302887.7360    0     0.28 
  3187   1252302893.2840    0     0.28 
  3186   1252302898.8240    0     0.28 
  3185   1252302904.4920    0     0.28 
  3184   1252302909.9560    0     0.28 
  3183   1252302915.7360    0     0.28 
  3182   1252302921.3440    0     0.28 
  3181   1252302926.9040    0     0.28 
  3180   1252302932.4720    0     0.28 
  3179   1252302938.1000    0     0.28 
  3178   1252302943.7480    0     0.28 
  3177   1252302949.2280    0     0.28 
  3176   1252302954.8040    0     0.28 
  3175   1252302960.5000    0     0.28 
  3174   1252302965.9280    0     0.28 
  3173   1252302971.6560    0     0.28 
  3172   1252302977.1240    0     0.28 
  3171   1252302982.7320    0     0.28 
  3170   1252302988.3520    0     0.28 
  3169   1252302993.8240    0     0.28 
  3168   1252302999.3920    0     0.28 
  3167   1252303004.9960    0     0.28 
  3166   1252303010.4880    0     0.28 
  3165   1252303016.1040    0     0.28 
  3164   1252303021.6120    0     0.28 
  3163   1252303027.1880    0     0.28 
  3162   1252303032.8440    0     0.28 
  3161   1252303038.4120    0     0.28 
  3160   1252303043.9720    0     0.28 
  3159   1252303049.5680    0     0.28 
  3158   1252303055.2600    0     0.28 
  3157   1252303060.8440    0     0.28 
  3156   1252303066.4160    0     0.28 
  3155   1252303072.0960    0     0.28 
  3154   1252303077.5400    0     0.28 
  3153   1252303083.2440    0     0.28 
  3152   1252303088.7760    0     0.28 
  3151   1252303094.3560    0     0.28 
  3150   1252303099.9880    0     0.28 
  3149   1252303105.4400    0     0.28 
  3148   1252303111.0960    0     0.28 
  3147   1252303116.6720    0     0.28 
  3146   1252303122.2200    0     0.28 
  3145   1252303127.8200    0     0.28 
  3144   1252303133.3800    0     0.28 
  3143   1252303138.9920    0     0.28 
  3142   1252303144.5600    0     0.28 
  3141   1252303150.0160    0     0.28 
  3140   1252303155.6200    0     0.28 
  3139   1252303161.1600    0     0.28 
  3138   1252303166.7160    0     0.28 
  3137   1252303172.2600    0     0.28 
  3136   1252303177.7880    0     0.28 
  3135   1252303183.3960    0     0.28 
  3134   1252303189.0200    0     0.28 
  3133   1252303194.6560    0     0.28 
  3132   1252303200.1280    0     0.31 
  3131   1252303205.7160    0     0.31 
  3130   1252303211.2480    0     0.31 
  3129   1252303216.9440    0     0.31 
  3128   1252303222.5160    0     0.31 
  3127   1252303228.0840    0     0.31 
  3126   1252303233.6840    0     0.31 
  3125   1252303239.3160    0     0.31 
  3124   1252303244.7720    0     0.31 
  3123   1252303250.3800    0     0.31 
  3122   1252303256.1040    0     0.31 
  3121   1252303261.5080    0     0.31 
  3120   1252303267.1760    0     0.31 
  3119   1252303272.9080    0     0.31 
  3118   1252303278.5280    0     0.31 
  3117   1252303284.2240    0     0.31 
  3116   1252303289.8880    0     0.31 
  3115   1252303295.4200    0     0.31 
  3114   1252303301.1640    0     0.31 
  3113   1252303306.7120    0     0.31 
  3112   1252303312.4280    0     0.31 
  3111   1252303318.0320    0     0.31 
  3110   1252303323.7720    0     0.31 
  3109   1252303329.3880    0     0.31 
  3108   1252303334.8960    0     0.31 
  3107   1252303340.5720    0     0.31 
  3106   1252303345.9680    0     0.31 
  3105   1252303351.7040    0     0.31 
  3104   1252303357.2760    0     0.31 
  3103   1252303362.7520    0     0.31 
  3102   1252303368.3560    0     0.31 
  3101   1252303373.9680    0     0.31 
  3100   1252303379.5120    0     0.31 
  3099   1252303385.1760    0     0.31 
  3098   1252303390.5880    0     0.31 
  3097   1252303396.2000    0     0.31 
  3096   1252303401.7600    0     0.31 
  3095   1252303407.3000    0     0.31 
  3094   1252303412.9040    0     0.31 
  3093   1252303418.4520    0     0.31 
  3092   1252303423.9560    0     0.31 
  3091   1252303429.5880    0     0.31 
  3090   1252303435.0200    0     0.31 
  3089   1252303440.6520    0     0.31 
  3088   1252303446.3120    0     0.31 
  3087   1252303451.9640    0     0.31 
  3086   1252303457.5120    0     0.31 
  3085   1252303463.1360    0     0.31 
  3084   1252303468.6240    0     0.31 
  3083   1252303474.2440    0     0.31 
  3082   1252303479.8080    0     0.31 
  3081   1252303485.4520    0     0.31 
  3080   1252303490.9320    0     0.31 
  3079   1252303496.5760    0     0.31 
  3078   1252303502.1400    0     0.31 
  3077   1252303507.6800    0     0.31 
  3076   1252303513.3080    0     0.31 
  3075   1252303518.8120    0     0.31 
  3074   1252303524.4600    0     0.31 
  3073   1252303530.0600    0     0.31 
  3072   1252303535.5480    0     0.31 
  3071   1252303541.2640    0     0.31 
  3070   1252303546.7960    0     0.31 
  3069   1252303552.2880    0     0.31 
  3068   1252303557.8760    0     0.31 
  3067   1252303563.4760    0     0.31 
  3066   1252303568.9360    0     0.31 
  3065   1252303574.5360    0     0.31 
  3064   1252303580.1080    0     0.31 
  3063   1252303585.6520    0     0.31 
  3062   1252303591.3960    0     0.31 
  3061   1252303596.8320    0     0.31 
  3060   1252303602.4400    0     0.31 
  3059   1252303608.0560    0     0.31 
  3058   1252303613.5240    0     0.31 
  3057   1252303619.1840    0     0.31 
  3056   1252303624.7840    0     0.31 
  3055   1252303630.3880    0     0.31 
  3054   1252303635.8640    0     0.31 
  3053   1252303641.4880    0     0.31 
  3052   1252303647.1680    0     0.31 
  3051   1252303652.7480    0     0.31 
  3050   1252303658.2680    0     0.31 
  3049   1252303663.8440    0     0.31 
  3048   1252303669.4560    0     0.31 
  3047   1252303675.0280    0     0.31 
  3046   1252303680.5840    0     0.31 
  3045   1252303686.3320    0     0.31 
  3044   1252303691.7680    0     0.31 
  3043   1252303697.4160    0     0.31 
  3042   1252303703.0920    0     0.31 
  3041   1252303708.5400    0     0.31 
  3040   1252303714.2400    0     0.31 
  3039   1252303719.7680    0     0.31 
  3038   1252303725.3920    0     0.31 
  3037   1252303731.0520    0     0.31 
  3036   1252303736.5720    0     0.31 
  3035   1252303742.2120    0     0.31 
  3034   1252303747.7160    0     0.31 
  3033   1252303753.3160    0     0.31 
  3032   1252303758.9400    0     0.31 
  3031   1252303764.6040    0     0.31 
  3030   1252303770.0680    0     0.31 
  3029   1252303775.6680    0     0.31 
  3028   1252303781.4080    0     0.31 
  3027   1252303786.8840    0     0.31 
  3026   1252303792.4480    0     0.31 
  3025   1252303798.0920    0     0.31 
  3024   1252303803.6560    0     0.24 
  3023   1252303809.3200    0     0.24 
  3022   1252303814.7520    0     0.24 
  3021   1252303820.4080    0     0.24 
  3020   1252303826.0280    0     0.24 
  3019   1252303831.7400    0     0.24 
  3018   1252303837.1520    0     0.24 
  3017   1252303842.8360    0     0.24 
  3016   1252303848.5520    0     0.24 
  3015   1252303854.0960    0     0.24 
  3014   1252303859.6880    0     0.24 
  3013   1252303865.3080    0     0.24 
  3012   1252303870.9080    0     0.24 
  3011   1252303876.5360    0     0.24 
  3010   1252303882.1040    0     0.24 
  3009   1252303887.7280    0     0.24 
  3008   1252303893.2360    0     0.24 
  3007   1252303898.9320    0     0.24 
  3006   1252303904.5720    0     0.24 
  3005   1252303910.0000    0     0.24 
  3004   1252303915.6400    0     0.24 
  3003   1252303921.2280    0     0.24 
  3002   1252303926.7840    0     0.24 
  3001   1252303932.4560    0     0.24 
  3000   1252303937.9400    0     0.24 
  2999   1252303943.4880    0     0.24 
  2998   1252303949.0280    0     0.24 
  2997   1252303954.5920    0     0.24 
  2996   1252303960.2360    0     0.24 
  2995   1252303965.7800    0     0.24 
  2994   1252303971.3800    0     0.24 
  2993   1252303976.9760    0     0.24 
  2992   1252303982.5400    0     0.24 
  2991   1252303988.1520    0     0.24 
  2990   1252303993.8680    0     0.24 
  2989   1252303999.3160    0     0.24 
  2988   1252304004.9000    0     0.24 
  2987   1252304010.6520    0     0.24 
  2986   1252304016.1120    0     0.24 
  2985   1252304021.6920    0     0.24 
  2984   1252304027.2800    0     0.24 
  2983   1252304032.8440    0     0.24 
  2982   1252304038.4480    0     0.24 
  2981   1252304044.0000    0     0.24 
  2980   1252304049.5760    0     0.24 
  2979   1252304055.1480    0     0.24 
  2978   1252304060.6600    0     0.24 
  2977   1252304066.2560    0     0.24 
  2976   1252304071.8040    0     0.24 
  2975   1252304077.3680    0     0.24 
  2974   1252304082.8800    0     0.24 
  2973   1252304088.4640    0     0.24 
  2972   1252304094.2040    0     0.24 
  2971   1252304099.7520    0     0.24 
  2970   1252304105.3320    0     0.24 
  2969   1252304110.9240    0     0.24 
  2968   1252304116.5160    0     0.24 
  2967   1252304122.0000    0     0.24 
  2966   1252304127.6080    0     0.24 
  2965   1252304133.2320    0     0.24 
  2964   1252304138.6920    0     0.24 
  2963   1252304144.4000    0     0.24 
  2962   1252304149.9360    0     0.24 
  2961   1252304155.6560    0     0.24 
  2960   1252304161.0480    0     0.24 
  2959   1252304166.7760    0     0.24 
  2958   1252304172.3080    0     0.24 
  2957   1252304177.9280    0     0.24 
  2956   1252304183.4440    0     0.24 
  2955   1252304189.1000    0     0.24 
  2954   1252304194.7000    0     0.24 
  2953   1252304200.1000    0     0.24 
  2952   1252304205.7040    0     0.24 
  2951   1252304211.3280    0     0.24 
  2950   1252304216.9640    0     0.24 
  2949   1252304222.3560    0     0.24 
  2948   1252304228.0360    0     0.24 
  2947   1252304233.6360    0     0.24 
  2946   1252304239.1040    0     0.24 
  2945   1252304244.7480    0     0.24 
  2944   1252304250.2040    0     0.24 
  2943   1252304255.6920    0     0.24 
  2942   1252304261.3640    0     0.24 
  2941   1252304266.8560    0     0.24 
  2940   1252304272.4400    0     0.24 
  2939   1252304277.9560    0     0.24 
  2938   1252304283.4720    0     0.24 
  2937   1252304289.1120    0     0.24 
  2936   1252304294.5080    0     0.24 
  2935   1252304300.1200    0     0.24 
  2934   1252304305.6880    0     0.24 
  2933   1252304311.2440    0     0.24 
  2932   1252304316.8320    0     0.24 
  2931   1252304322.2400    0     0.24 
  2930   1252304327.9640    0     0.24 
  2929   1252304333.5880    0     0.24 
  2928   1252304339.1080    0     0.24 
  2927   1252304344.7360    0     0.24 
  2926   1252304350.3520    0     0.24 
  2925   1252304355.8560    0     0.24 
  2924   1252304361.4960    0     0.24 
  2923   1252304367.1040    0     0.24 
  2922   1252304372.6760    0     0.24 
  2921   1252304378.2040    0     0.24 
  2920   1252304383.8480    0     0.24 
  2919   1252304389.4600    0     0.24 
  2918   1252304395.1120    0     0.24 
  2917   1252304400.5840    0     0.21 
  2916   1252304406.3360    0     0.21 
  2915   1252304412.0240    0     0.21 
  2914   1252304417.7080    0     0.21 
  2913   1252304423.3040    0     0.21 
  2912   1252304428.8640    0     0.21 
  2911   1252304434.5160    0     0.21 
  2910   1252304440.1400    0     0.21 
  2909   1252304445.6680    0     0.21 
  2908   1252304451.3560    0     0.21 
  2907   1252304456.9120    0     0.21 
  2906   1252304462.4320    0     0.21 
  2905   1252304468.0400    0     0.21 
  2904   1252304473.6040    0     0.21 
  2903   1252304479.0760    0     0.21 
  2902   1252304484.6800    0     0.21 
  2901   1252304490.3520    0     0.21 
  2900   1252304495.9240    0     0.21 
  2899   1252304501.6000    0     0.21 
  2898   1252304507.0800    0     0.21 
  2897   1252304512.7800    0     0.21 
  2896   1252304518.3440    0     0.21 
  2895   1252304523.8920    0     0.21 
  2894   1252304529.5560    0     0.21 
  2893   1252304535.0160    0     0.21 
  2892   1252304540.6720    0     0.21 
  2891   1252304546.3280    0     0.21 
  2890   1252304551.8800    0     0.21 
  2889   1252304557.4560    0     0.21 
  2888   1252304562.9520    0     0.21 
  2887   1252304568.5000    0     0.21 
  2886   1252304574.1200    0     0.21 
  2885   1252304579.6680    0     0.21 
  2884   1252304585.1920    0     0.21 
  2883   1252304590.7440    0     0.21 
  2882   1252304596.3000    0     0.21 
  2881   1252304601.9520    0     0.21 
  2880   1252304607.6160    0     0.21 
  2879   1252304613.1320    0     0.21 
  2878   1252304618.9120    0     0.21 
  2877   1252304624.3800    0     0.21 
  2876   1252304629.9480    0     0.21 
  2875   1252304635.5400    0     0.21 
  2874   1252304641.0920    0     0.21 
  2873   1252304646.6880    0     0.21 
  2872   1252304652.1400    0     0.21 
  2871   1252304657.9000    0     0.21 
  2870   1252304663.3920    0     0.21 
  2869   1252304668.9360    0     0.21 
  2868   1252304674.6960    0     0.21 
  2867   1252304680.1800    0     0.21 
  2866   1252304685.8600    0     0.21 
  2865   1252304691.3520    0     0.21 
  2864   1252304696.9840    0     0.21 
  2863   1252304702.5000    0     0.21 
  2862   1252304708.1280    0     0.21 
  2861   1252304713.6440    0     0.21 
  2860   1252304719.2440    0     0.21 
  2859   1252304724.6920    0     0.21 
  2858   1252304730.3080    0     0.21 
  2857   1252304736.0640    0     0.21 
  2856   1252304741.6560    0     0.21 
  2855   1252304747.3240    0     0.21 
  2854   1252304753.0920    0     0.21 
  2853   1252304758.6240    0     0.21 
  2852   1252304764.2440    0     0.21 
  2851   1252304769.9480    0     0.21 
  2850   1252304775.4960    0     0.21 
  2849   1252304781.0800    0     0.21 
  2848   1252304786.7480    0     0.21 
  2847   1252304792.3640    0     0.21 
  2846   1252304797.9640    0     0.21 
  2845   1252304803.5960    0     0.21 
  2844   1252304809.0120    0     0.21 
  2843   1252304814.6320    0     0.21 
  2842   1252304820.1680    0     0.21 
  2841   1252304825.7160    0     0.21 
  2840   1252304831.3560    0     0.21 
  2839   1252304836.9440    0     0.21 
  2838   1252304842.4280    0     0.21 
  2837   1252304848.0640    0     0.21 
  2836   1252304853.5800    0     0.21 
  2835   1252304859.0720    0     0.21 
  2834   1252304864.7200    0     0.21 
  2833   1252304870.2280    0     0.21 
  2832   1252304875.9600    0     0.21 
  2831   1252304881.3120    0     0.21 
  2830   1252304886.9720    0     0.21 
  2829   1252304892.6560    0     0.21 
  2828   1252304898.1480    0     0.21 
  2827   1252304903.8840    0     0.21 
  2826   1252304909.4200    0     0.21 
  2825   1252304915.0640    0     0.21 
  2824   1252304920.6680    0     0.21 
  2823   1252304926.2160    0     0.21 
  2822   1252304931.7240    0     0.21 
  2821   1252304937.3920    0     0.21 
  2820   1252304942.9600    0     0.21 
  2819   1252304948.5400    0     0.21 
  2818   1252304954.0360    0     0.21 
  2817   1252304959.7080    0     0.21 
  2816   1252304965.2680    0     0.21 
  2815   1252304970.8240    0     0.21 
  2814   1252304976.4000    0     0.21 
  2813   1252304981.9600    0     0.21 
  2812   1252304987.6320    0     0.21 
  2811   1252304993.2160    0     0.21 
  2810   1252304998.7840    0     0.21 
  2809   1252305004.3960    0     0.00 
  2808   1252305010.0480    0     0.00 
  2807   1252305015.5560    0     0.00 
  2806   1252305021.1000    0     0.00 
  2805   1252305026.6480    0     0.00 
  2804   1252305032.1960    0     0.00 
  2803   1252305037.8280    0     0.00 
  2802   1252305043.2760    0     0.00 
  2801   1252305048.8760    0     0.00 
  2800   1252305054.4240    0     0.00 
  2799   1252305060.1160    0     0.00 
  2798   1252305065.6880    0     0.00 
  2797   1252305071.2560    0     0.00 
  2796   1252305076.8320    0     0.00 
  2795   1252305082.3960    0     0.00 
  2794   1252305088.1240    0     0.00 
  2793   1252305093.5680    0     0.00 
  2792   1252305099.1120    0     0.00 
  2791   1252305104.7800    0     0.00 
  2790   1252305110.2640    0     0.00 
  2789   1252305115.9280    0     0.00 
  2788   1252305121.4000    0     0.00 
  2787   1252305127.0160    0     0.00 
  2786   1252305132.5360    0     0.00 
  2785   1252305138.1040    0     0.00 
  2784   1252305143.6240    0     0.00 
  2783   1252305149.1200    0     0.00 
  2782   1252305154.7560    0     0.00 
  2781   1252305160.2360    0     0.00 
  2780   1252305165.7920    0     0.00 
  2779   1252305171.3560    0     0.00 
  2778   1252305176.9880    0     0.00 
  2777   1252305182.4960    0     0.00 
  2776   1252305188.1680    0     0.00 
  2775   1252305193.5960    0     0.00 
  2774   1252305199.1880    0     0.00 
  2773   1252305204.7800    0     0.00 
  2772   1252305210.3640    0     0.00 
  2771   1252305216.1240    0     0.00 
  2770   1252305221.7320    0     0.00 
  2769   1252305227.3640    0     0.00 
  2768   1252305232.9760    0     0.00 
  2767   1252305238.7480    0     0.00 
  2766   1252305244.2720    0     0.00 
  2765   1252305250.0360    0     0.00 
  2764   1252305255.6800    0     0.00 
  2763   1252305261.2960    0     0.00 
  2762   1252305267.0280    0     0.00 
  2761   1252305272.6080    0     0.00 
  2760   1252305278.1800    0     0.00 
  2759   1252305283.7840    0     0.00 
  2758   1252305289.4040    0     0.00 
  2757   1252305294.9520    0     0.00 
  2756   1252305300.4560    0     0.00 
  2755   1252305305.9280    0     0.00 
  2754   1252305311.4000    0     0.00 
  2753   1252305316.8680    0     0.00 
  2752   1252305322.3600    0     0.00 
  2751   1252305327.9120    0     0.00 
  2750   1252305333.4520    0     0.00 
  2749   1252305338.9200    0     0.00 
  2748   1252305344.4640    0     0.00 
  2747   1252305350.0000    0     0.00 
  2746   1252305355.5640    0     0.00 
  2745   1252305361.0360    0     0.00 
  2744   1252305366.5040    0     0.00 
  2743   1252305372.0560    0     0.00 
  2742   1252305377.4640    0     0.00 
  2741   1252305383.1080    0     0.00 
  2740   1252305388.6160    0     0.00 
  2739   1252305394.0080    0     0.00 
  2738   1252305399.6320    0     0.00 
  2737   1252305405.1360    0     0.00 
  2736   1252305410.7040    0     0.00 
  2735   1252305416.1720    0     0.00 
  2734   1252305421.7160    0     0.00 
  2733   1252305427.1000    0     0.00 
  2732   1252305432.7280    0     0.00 
  2731   1252305438.2720    0     0.00 
  2730   1252305443.9160    0     0.00 
  2729   1252305449.6560    0     0.00 
  2728   1252305455.0320    0     0.00 
  2727   1252305460.6080    0     0.00 
  2726   1252305466.0720    0     0.00 
  2725   1252305471.7000    0     0.00 
  2724   1252305477.1560    0     0.00 
  2723   1252305482.6840    0     0.00 
  2722   1252305488.2160    0     0.00 
  2721   1252305493.6840    0     0.00 
  2720   1252305499.1840    0     0.00 
  2719   1252305504.6040    0     0.00 
  2718   1252305510.2080    0     0.00 
  2717   1252305515.8000    0     0.00 
  2716   1252305521.2680    0     0.00 
  2715   1252305526.7560    0     0.00 
  2714   1252305532.3280    0     0.00 
  2713   1252305537.9000    0     0.00 
  2712   1252305543.3000    0     0.00 
  2711   1252305548.8280    0     0.00 
  2710   1252305554.3840    0     0.00 
  2709   1252305559.8240    0     0.00 
  2708   1252305565.3000    0     0.00 
  2707   1252305570.8600    0     0.00 
  2706   1252305576.4400    0     0.00 
  2705   1252305581.9640    0     0.00 
  2704   1252305587.5040    0     0.00 
  2703   1252305593.0160    0     0.00 
  2702   1252305598.5440    0     0.00 
  2701   1252305604.0720    0     0.18 
  2700   1252305609.5520    0     0.18 
  2699   1252305615.0480    0     0.18 
  2698   1252305620.6800    0     0.18 
  2697   1252305626.1800    0     0.18 
  2696   1252305631.7280    0     0.18 
  2695   1252305637.2480    0     0.18 
  2694   1252305642.8600    0     0.18 
  2693   1252305648.3040    0     0.18 
  2692   1252305653.9800    0     0.18 
  2691   1252305659.5000    0     0.18 
  2690   1252305665.0040    0     0.18 
  2689   1252305670.6640    0     0.18 
  2688   1252305676.1560    0     0.18 
  2687   1252305681.7160    0     0.18 
  2686   1252305687.3680    0     0.18 
  2685   1252305692.8960    0     0.18 
  2684   1252305698.3920    0     0.18 
  2683   1252305704.0320    0     0.18 
  2682   1252305709.4960    0     0.18 
  2681   1252305715.0240    0     0.18 
  2680   1252305720.6360    0     0.18 
  2679   1252305726.1800    0     0.18 
  2678   1252305731.7280    0     0.18 
  2677   1252305737.2080    0     0.18 
  2676   1252305742.8720    0     0.18 
  2675   1252305748.3440    0     0.18 
  2674   1252305754.0120    0     0.18 
  2673   1252305759.3200    0     0.18 
  2672   1252305764.9960    0     0.18 
  2671   1252305770.5720    0     0.18 
  2670   1252305775.9760    0     0.18 
  2669   1252305781.6520    0     0.18 
  2668   1252305787.1720    0     0.18 
  2667   1252305792.6080    0     0.18 
  2666   1252305798.1440    0     0.18 
  2665   1252305803.7200    0     0.18 
  2664   1252305809.3040    0     0.18 
  2663   1252305814.7440    0     0.18 
  2662   1252305820.3280    0     0.18 
  2661   1252305825.7920    0     0.18 
  2660   1252305831.4560    0     0.18 
  2659   1252305836.9480    0     0.18 
  2658   1252305842.4520    0     0.18 
  2657   1252305848.0480    0     0.18 
  2656   1252305853.6880    0     0.18 
  2655   1252305859.2680    0     0.18 
  2654   1252305864.7960    0     0.18 
  2653   1252305870.2880    0     0.18 
  2652   1252305875.7680    0     0.18 
  2651   1252305881.3040    0     0.18 
  2650   1252305886.8960    0     0.18 
  2649   1252305892.5000    0     0.18 
  2648   1252305898.1960    0     0.18 
  2647   1252305903.6320    0     0.18 
  2646   1252305909.3160    0     0.18 
  2645   1252305914.7800    0     0.18 
  2644   1252305920.2640    0     0.18 
  2643   1252305925.9480    0     0.18 
  2642   1252305931.4960    0     0.18 
  2641   1252305937.0760    0     0.18 
  2640   1252305942.5600    0     0.18 
  2639   1252305948.1720    0     0.18 
  2638   1252305953.6840    0     0.18 
  2637   1252305959.3280    0     0.18 
  2636   1252305964.8360    0     0.18 
  2635   1252305970.4240    0     0.18 
  2634   1252305975.9280    0     0.18 
  2633   1252305981.5480    0     0.18 
  2632   1252305987.0680    0     0.18 
  2631   1252305992.6360    0     0.18 
  2630   1252305998.2000    0     0.18 
  2629   1252306003.7680    0     0.18 
  2628   1252306009.2960    0     0.18 
  2627   1252306014.8400    0     0.18 
  2626   1252306020.4440    0     0.18 
  2625   1252306025.9160    0     0.18 
  2624   1252306031.4800    0     0.18 
  2623   1252306037.0760    0     0.18 
  2622   1252306042.6800    0     0.18 
  2621   1252306048.2680    0     0.18 
  2620   1252306053.8920    0     0.18 
  2619   1252306059.4840    0     0.18 
  2618   1252306065.1160    0     0.18 
  2617   1252306070.5600    0     0.18 
  2616   1252306076.2160    0     0.18 
  2615   1252306081.7280    0     0.18 
  2614   1252306087.2520    0     0.18 
  2613   1252306092.8920    0     0.18 
  2612   1252306098.4360    0     0.18 
  2611   1252306103.9480    0     0.18 
  2610   1252306109.6000    0     0.18 
  2609   1252306115.0760    0     0.18 
  2608   1252306120.5800    0     0.18 
  2607   1252306126.3440    0     0.18 
  2606   1252306131.8160    0     0.18 
  2605   1252306137.2920    0     0.18 
  2604   1252306142.8840    0     0.18 
  2603   1252306148.4560    0     0.18 
  2602   1252306154.1600    0     0.18 
  2601   1252306159.6160    0     0.18 
  2600   1252306165.1680    0     0.18 
  2599   1252306170.6600    0     0.18 
  2598   1252306176.3440    0     0.18 
  2597   1252306181.8520    0     0.18 
  2596   1252306187.3240    0     0.18 
  2595   1252306192.9240    0     0.18 
  2594   1252306198.4640    0     0.18 
  2593   1252306203.9440    0     0.17 
  2592   1252306209.4800    0     0.17 
  2591   1252306215.0800    0     0.17 
  2590   1252306220.5880    0     0.17 
  2589   1252306226.1720    0     0.17 
  2588   1252306231.6600    0     0.17 
  2587   1252306237.2360    0     0.17 
  2586   1252306242.7600    0     0.17 
  2585   1252306248.2640    0     0.17 
  2584   1252306253.7320    0     0.17 
  2583   1252306259.3800    0     0.17 
  2582   1252306264.8840    0     0.17 
  2581   1252306270.4600    0     0.17 
  2580   1252306276.0000    0     0.17 
  2579   1252306281.4920    0     0.17 
  2578   1252306287.0040    0     0.17 
  2577   1252306292.5840    0     0.17 
  2576   1252306298.1680    0     0.17 
  2575   1252306303.6360    0     0.17 
  2574   1252306309.1760    0     0.17 
  2573   1252306314.8440    0     0.17 
  2572   1252306320.3600    0     0.17 
  2571   1252306325.9320    0     0.17 
  2570   1252306331.4360    0     0.17 
  2569   1252306337.0320    0     0.17 
  2568   1252306342.5960    0     0.17 
  2567   1252306348.1600    0     0.17 
  2566   1252306353.7120    0     0.17 
  2565   1252306359.2080    0     0.17 
  2564   1252306364.8440    0     0.17 
  2563   1252306370.4080    0     0.17 
  2562   1252306375.9040    0     0.17 
  2561   1252306381.4480    0     0.17 
  2560   1252306387.0960    0     0.17 
  2559   1252306392.6680    0     0.17 
  2558   1252306398.2360    0     0.17 
  2557   1252306403.8200    0     0.17 
  2556   1252306409.2920    0     0.17 
  2555   1252306414.8080    0     0.17 
  2554   1252306420.4280    0     0.17 
  2553   1252306426.0400    0     0.17 
  2552   1252306431.5560    0     0.17 
  2551   1252306437.0200    0     0.17 
  2550   1252306442.7080    0     0.17 
  2549   1252306448.1240    0     0.17 
  2548   1252306453.7080    0     0.17 
  2547   1252306459.1640    0     0.17 
  2546   1252306464.7440    0     0.17 
  2545   1252306470.2440    0     0.17 
  2544   1252306475.7920    0     0.17 
  2543   1252306481.3000    0     0.17 
  2542   1252306486.7440    0     0.17 
  2541   1252306492.3800    0     0.17 
  2540   1252306497.8240    0     0.17 
  2539   1252306503.3920    0     0.17 
  2538   1252306508.8160    0     0.17 
  2537   1252306514.3200    0     0.17 
  2536   1252306519.8920    0     0.17 
  2535   1252306525.3760    0     0.17 
  2534   1252306530.9680    0     0.17 
  2533   1252306536.4360    0     0.17 
  2532   1252306542.0800    0     0.17 
  2531   1252306547.7880    0     0.17 
  2530   1252306553.3720    0     0.17 
  2529   1252306558.9000    0     0.17 
  2528   1252306564.4440    0     0.17 
  2527   1252306569.9720    0     0.17 
  2526   1252306575.4840    0     0.17 
  2525   1252306581.1880    0     0.17 
  2524   1252306586.5400    0     0.17 
  2523   1252306592.0960    0     0.17 
  2522   1252306597.8160    0     0.17 
  2521   1252306603.2560    0     0.17 
  2520   1252306608.8680    0     0.17 
  2519   1252306614.4000    0     0.17 
  2518   1252306620.1000    0     0.17 
  2517   1252306625.6000    0     0.17 
  2516   1252306631.2520    0     0.17 
  2515   1252306636.7920    0     0.17 
  2514   1252306642.2160    0     0.17 
  2513   1252306648.0240    0     0.17 
  2512   1252306653.5040    0     0.17 
  2511   1252306659.1480    0     0.17 
  2510   1252306664.6160    0     0.17 
  2509   1252306670.1920    0     0.17 
  2508   1252306675.8120    0     0.17 
  2507   1252306681.3400    0     0.17 
  2506   1252306686.9360    0     0.17 
  2505   1252306692.4760    0     0.17 
  2504   1252306697.9640    0     0.17 
  2503   1252306703.4480    0     0.17 
  2502   1252306709.0440    0     0.17 
  2501   1252306714.6200    0     0.17 
  2500   1252306720.1680    0     0.17 
  2499   1252306725.7080    0     0.17 
  2498   1252306731.1640    0     0.17 
  2497   1252306736.7760    0     0.17 
  2496   1252306742.3440    0     0.17 
  2495   1252306747.8800    0     0.17 
  2494   1252306753.4040    0     0.17 
  2493   1252306758.8760    0     0.17 
  2492   1252306764.3520    0     0.17 
  2491   1252306769.9280    0     0.17 
  2490   1252306775.3880    0     0.17 
  2489   1252306781.0120    0     0.17 
  2488   1252306786.5280    0     0.17 
  2487   1252306792.1080    0     0.17 
  2486   1252306797.6000    0     0.17 
  2485   1252306803.0760    0     0.09 
  2484   1252306808.7840    0     0.09 
  2483   1252306814.1800    0     0.09 
  2482   1252306819.7320    0     0.09 
  2481   1252306825.2520    0     0.09 
  2480   1252306830.8400    0     0.09 
  2479   1252306836.3800    0     0.09 
  2478   1252306841.8640    0     0.09 
  2477   1252306847.4840    0     0.09 
  2476   1252306853.0120    0     0.09 
  2475   1252306858.4520    0     0.09 
  2474   1252306864.0520    0     0.09 
  2473   1252306869.5640    0     0.09 
  2472   1252306875.0000    0     0.09 
  2471   1252306880.5760    0     0.09 
  2470   1252306886.0520    0     0.09 
  2469   1252306891.6600    0     0.09 
  2468   1252306896.9880    0     0.09 
  2467   1252306902.6800    0     0.09 
  2466   1252306908.1480    0     0.09 
  2465   1252306913.6560    0     0.09 
  2464   1252306919.1640    0     0.09 
  2463   1252306924.7000    0     0.09 
  2462   1252306930.1920    0     0.09 
  2461   1252306935.7560    0     0.09 
  2460   1252306941.3360    0     0.09 
  2459   1252306946.8840    0     0.09 
  2458   1252306952.3120    0     0.09 
  2457   1252306957.9000    0     0.09 
  2456   1252306963.4600    0     0.09 
  2455   1252306968.9680    0     0.09 
  2454   1252306974.5200    0     0.09 
  2453   1252306980.0000    0     0.09 
  2452   1252306985.5080    0     0.09 
  2451   1252306991.0480    0     0.09 
  2450   1252306996.6480    0     0.09 
  2449   1252307002.1360    0     0.09 
  2448   1252307007.6280    0     0.09 
  2447   1252307013.1360    0     0.09 
  2446   1252307018.5400    0     0.09 
  2445   1252307024.1840    0     0.09 
  2444   1252307029.7400    0     0.09 
  2443   1252307035.2920    0     0.09 
  2442   1252307040.7760    0     0.09 
  2441   1252307046.4480    0     0.09 
  2440   1252307051.9760    0     0.09 
  2439   1252307057.5720    0     0.09 
  2438   1252307063.0880    0     0.09 
  2437   1252307068.6000    0     0.09 
  2436   1252307074.2160    0     0.09 
  2435   1252307079.8600    0     0.09 
  2434   1252307085.3040    0     0.09 
  2433   1252307090.8720    0     0.09 
  2432   1252307096.4520    0     0.09 
  2431   1252307101.9920    0     0.09 
  2430   1252307107.5280    0     0.09 
  2429   1252307113.1880    0     0.09 
  2428   1252307118.6760    0     0.09 
  2427   1252307124.2480    0     0.09 
  2426   1252307129.8480    0     0.09 
  2425   1252307135.3240    0     0.09 
  2424   1252307140.9720    0     0.09 
  2423   1252307146.6200    0     0.09 
  2422   1252307152.2200    0     0.09 
  2421   1252307157.8400    0     0.09 
  2420   1252307163.3280    0     0.09 
  2419   1252307169.0800    0     0.09 
  2418   1252307174.6840    0     0.09 
  2417   1252307180.2000    0     0.09 
  2416   1252307185.8200    0     0.09 
  2415   1252307191.4120    0     0.09 
  2414   1252307197.0120    0     0.09 
  2413   1252307202.6280    0     0.09 
  2412   1252307208.1560    0     0.09 
  2411   1252307213.6560    0     0.09 
  2410   1252307219.2520    0     0.09 
  2409   1252307224.8160    0     0.09 
  2408   1252307230.3840    0     0.09 
  2407   1252307235.9200    0     0.09 
  2406   1252307241.5640    0     0.09 
  2405   1252307247.0120    0     0.09 
  2404   1252307252.6400    0     0.09 
  2403   1252307258.2400    0     0.09 
  2402   1252307263.7680    0     0.09 
  2401   1252307269.3200    0     0.09 
  2400   1252307274.9200    0     0.09 
  2399   1252307280.5080    0     0.09 
  2398   1252307285.9160    0     0.09 
  2397   1252307291.6280    0     0.09 
  2396   1252307297.1280    0     0.09 
  2395   1252307302.7440    0     0.09 
  2394   1252307308.3280    0     0.09 
  2393   1252307313.9200    0     0.09 
  2392   1252307319.4560    0     0.09 
  2391   1252307324.9480    0     0.09 
  2390   1252307330.6400    0     0.09 
  2389   1252307336.1480    0     0.09 
  2388   1252307341.7800    0     0.09 
  2387   1252307347.2400    0     0.09 
  2386   1252307352.9480    0     0.09 
  2385   1252307358.4760    0     0.09 
  2384   1252307364.1600    0     0.09 
  2383   1252307369.6800    0     0.09 
  2382   1252307375.2360    0     0.09 
  2381   1252307380.7920    0     0.09 
  2380   1252307386.4320    0     0.09 
  2379   1252307392.0040    0     0.09 
  2378   1252307397.6120    0     0.09 
  2377   1252307403.1360    0     0.09 
  2376   1252307408.6880    0     0.09 
  2375   1252307414.3840    0     0.09 
  2374   1252307419.9560    0     0.09 
  2373   1252307425.5160    0     0.09 
  2372   1252307431.1200    0     0.09 
  2371   1252307436.6160    0     0.09 
  2370   1252307442.2960    0     0.09 
  2369   1252307447.9080    0     0.09 
  2368   1252307453.4880    0     0.09 
  2367   1252307459.1280    0     0.09 
  2366   1252307464.7960    0     0.09 
  2365   1252307470.1880    0     0.09 
  2364   1252307475.7880    0     0.09 
  2363   1252307481.3520    0     0.09 
  2362   1252307486.9040    0     0.09 
  2361   1252307492.4320    0     0.09 
  2360   1252307497.9800    0     0.09 
  2359   1252307503.5440    0     0.09 
  2358   1252307509.0480    0     0.09 
  2357   1252307514.6920    0     0.09 
  2356   1252307520.2720    0     0.09 
  2355   1252307525.7720    0     0.09 
  2354   1252307531.4600    0     0.09 
  2353   1252307537.0600    0     0.09 
  2352   1252307542.5520    0     0.09 
  2351   1252307548.2240    0     0.09 
  2350   1252307553.8040    0     0.09 
  2349   1252307559.3360    0     0.09 
  2348   1252307564.9520    0     0.09 
  2347   1252307570.5760    0     0.09 
  2346   1252307576.1520    0     0.09 
  2345   1252307581.6960    0     0.09 
  2344   1252307587.3840    0     0.09 
  2343   1252307592.9400    0     0.09 
  2342   1252307598.5320    0     0.09 
  2341   1252307604.1080    0     0.09 
  2340   1252307609.6760    0     0.09 
  2339   1252307615.2520    0     0.09 
  2338   1252307620.7560    0     0.09 
  2337   1252307626.4240    0     0.09 
  2336   1252307631.9360    0     0.09 
  2335   1252307637.5120    0     0.09 
  2334   1252307643.2160    0     0.09 
  2333   1252307648.7520    0     0.09 
  2332   1252307654.3120    0     0.09 
  2331   1252307660.0440    0     0.09 
  2330   1252307665.6040    0     0.09 
  2329   1252307671.2280    0     0.09 
  2328   1252307676.7040    0     0.09 
  2327   1252307682.4280    0     0.09 
  2326   1252307688.0280    0     0.09 
  2325   1252307693.5800    0     0.09 
  2324   1252307699.3160    0     0.09 
  2323   1252307704.7280    0     0.09 
  2322   1252307710.4920    0     0.09 
  2321   1252307716.0160    0     0.09 
  2320   1252307721.7320    0     0.09 
  2319   1252307727.3120    0     0.09 
  2318   1252307732.8800    0     0.09 
  2317   1252307738.6320    0     0.09 
  2316   1252307744.0800    0     0.09 
  2315   1252307749.7480    0     0.09 
  2314   1252307755.4720    0     0.09 
  2313   1252307760.9360    0     0.09 
  2312   1252307766.6000    0     0.09 
  2311   1252307772.2720    0     0.09 
  2310   1252307777.8840    0     0.09 
  2309   1252307783.6040    0     0.09 
  2308   1252307789.2280    0     0.09 
  2307   1252307794.7240    0     0.09 
  2306   1252307800.3640    0     0.09 
  2305   1252307806.1080    0     0.09 
  2304   1252307811.7600    0     0.09 
  2303   1252307817.3800    0     0.09 
  2302   1252307823.0680    0     0.09 
  2301   1252307828.8240    0     0.09 
  2300   1252307834.3520    0     0.09 
  2299   1252307840.1520    0     0.09 
  2298   1252307845.7520    0     0.09 
  2297   1252307851.4240    0     0.09 
  2296   1252307857.0120    0     0.09 
  2295   1252307862.6600    0     0.09 
  2294   1252307868.3240    0     0.09 
  2293   1252307874.0240    0     0.09 
  2292   1252307879.5800    0     0.09 
  2291   1252307885.2360    0     0.09 
  2290   1252307890.9040    0     0.09 
  2289   1252307896.5720    0     0.09 
  2288   1252307902.1640    0     0.09 
  2287   1252307907.7720    0     0.09 
  2286   1252307913.2720    0     0.09 
  2285   1252307919.0240    0     0.09 
  2284   1252307924.5720    0     0.09 
  2283   1252307930.1360    0     0.09 
  2282   1252307935.8080    0     0.09 
  2281   1252307941.3480    0     0.09 
  2280   1252307946.9400    0     0.09 
  2279   1252307952.6640    0     0.09 
  2278   1252307958.1440    0     0.09 
  2277   1252307963.7920    0     0.09 
  2276   1252307969.3880    0     0.09 
  2275   1252307974.9840    0     0.09 
  2274   1252307980.5840    0     0.09 
  2273   1252307986.1160    0     0.09 
  2272   1252307991.7680    0     0.09 
  2271   1252307997.3280    0     0.09 
  2270   1252308002.9760    0     0.04 
  2269   1252308008.4320    0     0.04 
  2268   1252308014.0320    0     0.04 
  2267   1252308019.7040    0     0.04 
  2266   1252308025.3600    0     0.04 
  2265   1252308030.9560    0     0.04 
  2264   1252308036.5720    0     0.04 
  2263   1252308042.2440    0     0.04 
  2262   1252308047.8080    0     0.04 
  2261   1252308053.3240    0     0.04 
  2260   1252308058.8960    0     0.04 
  2259   1252308064.5320    0     0.04 
  2258   1252308070.1440    0     0.04 
  2257   1252308075.6280    0     0.04 
  2256   1252308081.3280    0     0.04 
  2255   1252308086.9960    0     0.04 
  2254   1252308092.5760    0     0.04 
  2253   1252308098.2720    0     0.04 
  2252   1252308103.6560    0     0.04 
  2251   1252308109.3160    0     0.04 
  2250   1252308115.0000    0     0.04 
  2249   1252308120.6200    0     0.04 
  2248   1252308126.2160    0     0.04 
  2247   1252308131.8800    0     0.04 
  2246   1252308137.4240    0     0.04 
  2245   1252308143.1800    0     0.04 
  2244   1252308148.8240    0     0.04 
  2243   1252308154.3600    0     0.04 
  2242   1252308160.0680    0     0.04 
  2241   1252308165.5720    0     0.04 
  2240   1252308171.1760    0     0.04 
  2239   1252308176.7640    0     0.04 
  2238   1252308182.3600    0     0.04 
  2237   1252308188.0280    0     0.04 
  2236   1252308193.5600    0     0.04 
  2235   1252308199.1640    0     0.04 
  2234   1252308204.8040    0     0.04 
  2233   1252308210.2800    0     0.04 
  2232   1252308215.8480    0     0.04 
  2231   1252308221.5000    0     0.04 
  2230   1252308227.0280    0     0.04 
  2229   1252308232.5360    0     0.04 
  2228   1252308238.1800    0     0.04 
  2227   1252308243.7600    0     0.04 
  2226   1252308249.3040    0     0.04 
  2225   1252308254.9440    0     0.04 
  2224   1252308260.5520    0     0.04 
  2223   1252308266.0760    0     0.04 
  2222   1252308271.7480    0     0.04 
  2221   1252308277.1800    0     0.04 
  2220   1252308282.8480    0     0.04 
  2219   1252308288.4600    0     0.04 
  2218   1252308293.9480    0     0.04 
  2217   1252308299.6800    0     0.04 
  2216   1252308305.2720    0     0.04 
  2215   1252308310.7600    0     0.04 
  2214   1252308316.4480    0     0.04 
  2213   1252308322.0360    0     0.04 
  2212   1252308327.6400    0     0.04 
  2211   1252308333.1960    0     0.04 
  2210   1252308338.8000    0     0.04 
  2209   1252308344.4400    0     0.04 
  2208   1252308350.0360    0     0.04 
  2207   1252308355.5640    0     0.04 
  2206   1252308361.2240    0     0.04 
  2205   1252308366.7440    0     0.04 
  2204   1252308372.4880    0     0.04 
  2203   1252308378.0680    0     0.04 
  2202   1252308383.5560    0     0.04 
  2201   1252308389.2360    0     0.04 
  2200   1252308394.8520    0     0.04 
  2199   1252308400.3880    0     0.04 
  2198   1252308406.0160    0     0.04 
  2197   1252308411.6640    0     0.04 
  2196   1252308417.3280    0     0.04 
  2195   1252308422.7320    0     0.04 
  2194   1252308428.2960    0     0.04 
  2193   1252308433.8960    0     0.04 
  2192   1252308439.4160    0     0.04 
  2191   1252308444.9920    0     0.04 
  2190   1252308450.5600    0     0.04 
  2189   1252308456.1720    0     0.04 
  2188   1252308461.8000    0     0.04 
  2187   1252308467.2840    0     0.04 
  2186   1252308472.8920    0     0.04 
  2185   1252308478.5400    0     0.04 
  2184   1252308484.0880    0     0.04 
  2183   1252308489.6480    0     0.04 
  2182   1252308495.1400    0     0.04 
  2181   1252308500.8400    0     0.04 
  2180   1252308506.2480    0     0.04 
  2179   1252308511.8760    0     0.04 
  2178   1252308517.4800    0     0.04 
  2177   1252308522.9320    0     0.04 
  2176   1252308528.5560    0     0.04 
  2175   1252308534.1200    0     0.04 
  2174   1252308539.6400    0     0.04 
  2173   1252308545.2240    0     0.04 
  2172   1252308550.6960    0     0.04 
  2171   1252308556.2960    0     0.04 
  2170   1252308561.7520    0     0.04 
  2169   1252308567.4800    0     0.04 
  2168   1252308572.9800    0     0.04 
  2167   1252308578.4640    0     0.04 
  2166   1252308583.9480    0     0.04 
  2165   1252308589.4520    0     0.04 
  2164   1252308595.0640    0     0.04 
  2163   1252308600.6080    0     0.00 
  2162   1252308606.1200    0     0.00 
  2161   1252308611.6960    0     0.00 
  2160   1252308617.2000    0     0.00 
  2159   1252308622.7720    0     0.00 
  2158   1252308628.4840    0     0.00 
  2157   1252308634.0360    0     0.00 
  2156   1252308639.5480    0     0.00 
  2155   1252308645.0720    0     0.00 
  2154   1252308650.6520    0     0.00 
  2153   1252308656.2080    0     0.00 
  2152   1252308661.8240    0     0.00 
  2151   1252308667.2400    0     0.00 
  2150   1252308672.9160    0     0.00 
  2149   1252308678.4520    0     0.00 
  2148   1252308684.0440    0     0.00 
  2147   1252308689.6640    0     0.00 
  2146   1252308695.1360    0     0.00 
  2145   1252308700.6960    0     0.00 
  2144   1252308706.2880    0     0.00 
  2143   1252308711.8280    0     0.00 
  2142   1252308717.4280    0     0.00 
  2141   1252308723.0520    0     0.00 
  2140   1252308728.4720    0     0.00 
  2139   1252308734.0920    0     0.00 
  2138   1252308739.8320    0     0.00 
  2137   1252308745.4000    0     0.00 
  2136   1252308750.9200    0     0.00 
  2135   1252308756.5240    0     0.00 
  2134   1252308761.9880    0     0.00 
  2133   1252308767.7560    0     0.00 
  2132   1252308773.1640    0     0.00 
  2131   1252308778.9320    0     0.00 
  2130   1252308784.4840    0     0.00 
  2129   1252308790.1880    0     0.00 
  2128   1252308795.6280    0     0.00 
  2127   1252308801.2680    0     0.00 
  2126   1252308806.8840    0     0.00 
  2125   1252308812.4240    0     0.00 
  2124   1252308818.0640    0     0.00 
  2123   1252308823.6360    0     0.00 
  2122   1252308829.1800    0     0.00 
  2121   1252308834.7800    0     0.00 
  2120   1252308840.2840    0     0.00 
  2119   1252308845.8800    0     0.00 
  2118   1252308851.3840    0     0.00 
  2117   1252308857.0080    0     0.00 
  2116   1252308862.5280    0     0.00 
  2115   1252308868.1160    0     0.00 
  2114   1252308873.6200    0     0.00 
  2113   1252308879.1960    0     0.00 
  2112   1252308884.7040    0     0.00 
  2111   1252308890.1560    0     0.00 
  2110   1252308895.7280    0     0.00 
  2109   1252308901.3240    0     0.00 
  2108   1252308906.7640    0     0.00 
  2107   1252308912.4600    0     0.00 
  2106   1252308918.0040    0     0.00 
  2105   1252308923.4360    0     0.00 
  2104   1252308929.1040    0     0.00 
  2103   1252308934.6160    0     0.00 
  2102   1252308940.1880    0     0.00 
  2101   1252308945.8080    0     0.00 
  2100   1252308951.2280    0     0.00 
  2099   1252308956.8880    0     0.00 
  2098   1252308962.3920    0     0.00 
  2097   1252308968.0440    0     0.00 
  2096   1252308973.5520    0     0.00 
  2095   1252308979.0800    0     0.00 
  2094   1252308984.7040    0     0.00 
  2093   1252308990.1840    0     0.00 
  2092   1252308995.8000    0     0.00 
  2091   1252309001.4080    0     0.00 
  2090   1252309007.0560    0     0.00 
  2089   1252309012.6520    0     0.00 
  2088   1252309018.1160    0     0.00 
  2087   1252309023.7400    0     0.00 
  2086   1252309029.4040    0     0.00 
  2085   1252309034.8880    0     0.00 
  2084   1252309040.4920    0     0.00 
  2083   1252309045.9920    0     0.00 
  2082   1252309051.6920    0     0.00 
  2081   1252309057.0880    0     0.00 
  2080   1252309062.7600    0     0.00 
  2079   1252309068.3480    0     0.00 
  2078   1252309073.8840    0     0.00 
  2077   1252309079.5320    0     0.00 
  2076   1252309085.0600    0     0.00 
  2075   1252309090.6560    0     0.00 
  2074   1252309096.2440    0     0.00 
  2073   1252309101.7320    0     0.00 
  2072   1252309107.3720    0     0.00 
  2071   1252309112.9640    0     0.00 
  2070   1252309118.4680    0     0.00 
  2069   1252309124.0200    0     0.00 
  2068   1252309129.6640    0     0.00 
  2067   1252309135.2520    0     0.00 
  2066   1252309140.8760    0     0.00 
  2065   1252309146.3680    0     0.00 
  2064   1252309151.9360    0     0.00 
  2063   1252309157.6120    0     0.00 
  2062   1252309163.1200    0     0.00 
  2061   1252309168.7840    0     0.00 
  2060   1252309174.2840    0     0.00 
  2059   1252309179.9520    0     0.00 
  2058   1252309185.5240    0     0.00 
  2057   1252309191.2480    0     0.00 
  2056   1252309196.8720    0     0.00 
  2055   1252309202.4720    0     -0.01 
  2054   1252309208.0920    0     -0.01 
  2053   1252309213.6440    0     -0.01 
  2052   1252309219.3360    0     -0.01 
  2051   1252309224.8920    0     -0.01 
  2050   1252309230.4160    0     -0.01 
  2049   1252309236.0360    0     -0.01 
  2048   1252309241.5600    0     -0.01 
  2047   1252309247.1720    0     -0.01 
  2046   1252309252.6280    0     -0.01 
  2045   1252309258.2440    0     -0.01 
  2044   1252309263.8960    0     -0.01 
  2043   1252309269.4480    0     -0.01 
  2042   1252309275.0560    0     -0.01 
  2041   1252309280.6240    0     -0.01 
  2040   1252309286.2760    0     -0.01 
  2039   1252309291.9080    0     -0.01 
  2038   1252309297.3760    0     -0.01 
  2037   1252309303.0440    0     -0.01 
  2036   1252309308.5560    0     -0.01 
  2035   1252309314.1320    0     -0.01 
  2034   1252309319.6760    0     -0.01 
  2033   1252309325.3240    0     -0.01 
  2032   1252309330.9400    0     -0.01 
  2031   1252309336.5560    0     -0.01 
  2030   1252309342.0400    0     -0.01 
  2029   1252309347.7360    0     -0.01 
  2028   1252309353.3840    0     -0.01 
  2027   1252309358.9000    0     -0.01 
  2026   1252309364.5880    0     -0.01 
  2025   1252309370.0400    0     -0.01 
  2024   1252309375.7040    0     -0.01 
  2023   1252309381.2040    0     -0.01 
  2022   1252309386.8720    0     -0.01 
  2021   1252309392.3760    0     -0.01 
  2020   1252309397.9120    0     -0.01 
  2019   1252309403.6960    0     -0.01 
  2018   1252309409.1480    0     -0.01 
  2017   1252309414.7920    0     -0.01 
  2016   1252309420.3440    0     -0.01 
  2015   1252309426.0400    0     -0.01 
  2014   1252309431.5800    0     -0.01 
  2013   1252309437.1760    0     -0.01 
  2012   1252309442.8840    0     -0.01 
  2011   1252309448.2280    0     -0.01 
  2010   1252309454.0080    0     -0.01 
  2009   1252309459.5400    0     -0.01 
  2008   1252309465.2400    0     -0.01 
  2007   1252309470.9560    0     -0.01 
  2006   1252309476.4480    0     -0.01 
  2005   1252309482.1280    0     -0.01 
  2004   1252309487.6520    0     -0.01 
  2003   1252309493.2560    0     -0.01 
  2002   1252309498.8240    0     -0.01 
  2001   1252309504.4240    0     -0.01 
  2000   1252309509.9600    0     -0.01 
  1999   1252309515.5440    0     -0.01 
  1998   1252309521.1320    0     -0.01 
  1997   1252309526.6600    0     -0.01 
  1996   1252309532.3400    0     -0.01 
  1995   1252309537.9440    0     -0.01 
  1994   1252309543.5080    0     -0.01 
  1993   1252309549.1640    0     -0.01 
  1992   1252309554.6720    0     -0.01 
  1991   1252309560.3960    0     -0.01 
  1990   1252309565.9280    0     -0.01 
  1989   1252309571.4920    0     -0.01 
  1988   1252309577.1480    0     -0.01 
  1987   1252309582.7320    0     -0.01 
  1986   1252309588.4240    0     -0.01 
  1985   1252309594.0160    0     -0.01 
  1984   1252309599.6400    0     -0.01 
  1983   1252309605.3120    0     -0.01 
  1982   1252309610.8040    0     -0.01 
  1981   1252309616.5080    0     -0.01 
  1980   1252309622.0240    0     -0.01 
  1979   1252309627.7200    0     -0.01 
  1978   1252309633.4960    0     -0.01 
  1977   1252309638.9960    0     -0.01 
  1976   1252309644.7000    0     -0.01 
  1975   1252309650.2960    0     -0.01 
  1974   1252309655.8680    0     -0.01 
  1973   1252309661.5680    0     -0.01 
  1972   1252309667.1280    0     -0.01 
  1971   1252309672.8600    0     -0.01 
  1970   1252309678.3920    0     -0.01 
  1969   1252309683.9840    0     -0.01 
  1968   1252309689.6560    0     -0.01 
  1967   1252309695.2400    0     -0.01 
  1966   1252309700.9080    0     -0.01 
  1965   1252309706.5720    0     -0.01 
  1964   1252309712.2080    0     -0.01 
  1963   1252309717.8000    0     -0.01 
  1962   1252309723.4080    0     -0.01 
  1961   1252309729.1240    0     -0.01 
  1960   1252309734.6400    0     -0.01 
  1959   1252309740.3880    0     -0.01 
  1958   1252309745.8800    0     -0.01 
  1957   1252309751.4240    0     -0.01 
  1956   1252309757.2200    0     -0.01 
  1955   1252309762.8120    0     -0.01 
  1954   1252309768.3920    0     -0.01 
  1953   1252309774.0560    0     -0.01 
  1952   1252309779.6760    0     -0.01 
  1951   1252309785.2400    0     -0.01 
  1950   1252309790.7520    0     -0.01 
  1949   1252309796.5720    0     -0.01 
  1948   1252309801.9800    0     -0.03 
  1947   1252309807.5840    0     -0.03 
  1946   1252309813.2560    0     -0.03 
  1945   1252309818.8960    0     -0.03 
  1944   1252309824.4480    0     -0.03 
  1943   1252309830.1000    0     -0.03 
  1942   1252309835.6840    0     -0.03 
  1941   1252309841.3040    0     -0.03 
  1940   1252309846.8320    0     -0.03 
  1939   1252309852.4880    0     -0.03 
  1938   1252309858.2080    0     -0.03 
  1937   1252309863.7200    0     -0.03 
  1936   1252309869.3200    0     -0.03 
  1935   1252309874.9880    0     -0.03 
  1934   1252309880.6760    0     -0.03 
  1933   1252309886.2000    0     -0.03 
  1932   1252309891.8360    0     -0.03 
  1931   1252309897.3520    0     -0.03 
  1930   1252309903.0200    0     -0.03 
  1929   1252309908.5240    0     -0.03 
  1928   1252309914.1920    0     -0.03 
  1927   1252309919.7680    0     -0.03 
  1926   1252309925.4120    0     -0.03 
  1925   1252309931.0400    0     -0.03 
  1924   1252309936.6000    0     -0.03 
  1923   1252309942.3440    0     -0.03 
  1922   1252309947.9640    0     -0.03 
  1921   1252309953.5920    0     -0.03 
  1920   1252309959.2760    0     -0.03 
  1919   1252309964.8640    0     -0.03 
  1918   1252309970.5320    0     -0.03 
  1917   1252309976.2400    0     -0.03 
  1916   1252309981.8760    0     -0.03 
  1915   1252309987.5640    0     -0.03 
  1914   1252309993.1760    0     -0.03 
  1913   1252309998.8960    0     -0.03 
  1912   1252310004.4920    0     -0.03 
  1911   1252310010.1000    0     -0.03 
  1910   1252310015.7400    0     -0.03 
  1909   1252310021.5000    0     -0.03 
  1908   1252310027.0360    0     -0.03 
  1907   1252310032.7080    0     -0.03 
  1906   1252310038.3520    0     -0.03 
  1905   1252310043.8440    0     -0.03 
  1904   1252310049.6400    0     -0.03 
  1903   1252310055.3560    0     -0.03 
  1902   1252310060.9240    0     -0.03 
  1901   1252310066.6160    0     -0.03 
  1900   1252310072.3440    0     -0.03 
  1899   1252310077.8960    0     -0.03 
  1898   1252310083.5880    0     -0.03 
  1897   1252310089.1320    0     -0.03 
  1896   1252310094.8520    0     -0.03 
  1895   1252310100.3800    0     -0.03 
  1894   1252310106.0560    0     -0.03 
  1893   1252310111.6360    0     -0.03 
  1892   1252310117.2360    0     -0.03 
  1891   1252310122.8920    0     -0.03 
  1890   1252310128.4680    0     -0.03 
  1889   1252310134.1280    0     -0.03 
  1888   1252310139.7600    0     -0.03 
  1887   1252310145.3880    0     -0.03 
  1886   1252310150.9760    0     -0.03 
  1885   1252310156.7640    0     -0.03 
  1884   1252310162.3120    0     -0.03 
  1883   1252310167.8240    0     -0.03 
  1882   1252310173.5720    0     -0.03 
  1881   1252310179.0840    0     -0.03 
  1880   1252310184.8160    0     -0.03 
  1879   1252310190.3880    0     -0.03 
  1878   1252310195.9560    0     -0.03 
  1877   1252310201.5440    0     -0.03 
  1876   1252310207.2600    0     -0.03 
  1875   1252310212.7880    0     -0.03 
  1874   1252310218.4880    0     -0.03 
  1873   1252310224.0240    0     -0.03 
  1872   1252310229.6600    0     -0.03 
  1871   1252310235.3040    0     -0.03 
  1870   1252310240.9160    0     -0.03 
  1869   1252310246.5680    0     -0.03 
  1868   1252310252.1160    0     -0.03 
  1867   1252310257.8200    0     -0.03 
  1866   1252310263.5040    0     -0.03 
  1865   1252310269.0760    0     -0.03 
  1864   1252310274.7400    0     -0.03 
  1863   1252310280.3120    0     -0.03 
  1862   1252310285.9400    0     -0.03 
  1861   1252310291.5080    0     -0.03 
  1860   1252310297.1320    0     -0.03 
  1859   1252310302.7720    0     -0.03 
  1858   1252310308.3480    0     -0.03 
  1857   1252310314.0280    0     -0.03 
  1856   1252310319.5680    0     -0.03 
  1855   1252310325.1280    0     -0.03 
  1854   1252310330.7960    0     -0.03 
  1853   1252310336.5280    0     -0.03 
  1852   1252310342.0680    0     -0.03 
  1851   1252310347.6720    0     -0.03 
  1850   1252310353.3080    0     -0.03 
  1849   1252310358.9320    0     -0.03 
  1848   1252310364.6760    0     -0.03 
  1847   1252310370.2440    0     -0.03 
  1846   1252310375.8520    0     -0.03 
  1845   1252310381.4760    0     -0.03 
  1844   1252310387.0600    0     -0.03 
  1843   1252310392.7520    0     -0.03 
  1842   1252310398.3240    0     -0.03 
  1841   1252310403.9560    0     0.00 
  1840   1252310409.6280    0     0.00 
  1839   1252310415.1960    0     0.00 
  1838   1252310420.8840    0     0.00 
  1837   1252310426.5280    0     0.00 
  1836   1252310432.2280    0     0.00 
  1835   1252310437.8080    0     0.00 
  1834   1252310443.4680    0     0.00 
  1833   1252310449.2280    0     0.00 
  1832   1252310454.7520    0     0.00 
  1831   1252310460.5320    0     0.00 
  1830   1252310466.3360    0     0.00 
  1829   1252310471.9280    0     0.00 
  1828   1252310477.6120    0     0.00 
  1827   1252310483.3120    0     0.00 
  1826   1252310488.9280    0     0.00 
  1825   1252310494.6000    0     0.00 
  1824   1252310500.3640    0     0.00 
  1823   1252310506.0040    0     0.00 
  1822   1252310511.7080    0     0.00 
  1821   1252310517.4320    0     0.00 
  1820   1252310523.0480    0     0.00 
  1819   1252310528.7720    0     0.00 
  1818   1252310534.3640    0     0.00 
  1817   1252310540.0480    0     0.00 
  1816   1252310545.8400    0     0.00 
  1815   1252310551.4680    0     0.00 
  1814   1252310557.0160    0     0.00 
  1813   1252310562.7640    0     0.00 
  1812   1252310568.5080    0     0.00 
  1811   1252310574.1520    0     0.00 
  1810   1252310579.8800    0     0.00 
  1809   1252310585.5200    0     0.00 
  1808   1252310591.1240    0     0.00 
  1807   1252310596.8760    0     0.00 
  1806   1252310602.5480    0     0.00 
  1805   1252310608.2520    0     0.00 
  1804   1252310613.9080    0     0.00 
  1803   1252310619.5200    0     0.00 
  1802   1252310625.2280    0     0.00 
  1801   1252310630.9440    0     0.00 
  1800   1252310636.5120    0     0.00 
  1799   1252310642.1840    0     0.00 
  1798   1252310647.9400    0     0.00 
  1797   1252310653.4800    0     0.00 
  1796   1252310659.1600    0     0.00 
  1795   1252310664.9280    0     0.00 
  1794   1252310670.6680    0     0.00 
  1793   1252310676.3400    0     0.00 
  1792   1252310682.0640    0     0.00 
  1791   1252310687.7480    0     0.00 
  1790   1252310693.4200    0     0.00 
  1789   1252310699.1120    0     0.00 
  1788   1252310704.8120    0     0.00 
  1787   1252310710.5200    0     0.00 
  1786   1252310716.1360    0     0.00 
  1785   1252310722.0000    0     0.00 
  1784   1252310727.5120    0     0.00 
  1783   1252310733.3880    0     0.00 
  1782   1252310739.0480    0     0.00 
  1781   1252310744.5560    0     0.00 
  1780   1252310750.3880    0     0.00 
  1779   1252310756.0320    0     0.00 
  1778   1252310761.7720    0     0.00 
  1777   1252310767.3440    0     0.00 
  1776   1252310773.0960    0     0.00 
  1775   1252310778.8320    0     0.00 
  1774   1252310784.3920    0     0.00 
  1773   1252310790.1360    0     0.00 
  1772   1252310795.8440    0     0.00 
  1771   1252310801.5520    0     0.00 
  1770   1252310807.2280    0     0.00 
  1769   1252310812.8880    0     0.00 
  1768   1252310818.5560    0     0.00 
  1767   1252310824.1720    0     0.00 
  1766   1252310829.7840    0     0.00 
  1765   1252310835.5840    0     0.00 
  1764   1252310841.2320    0     0.00 
  1763   1252310846.8560    0     0.00 
  1762   1252310852.5480    0     0.00 
  1761   1252310858.3440    0     0.00 
  1760   1252310864.0360    0     0.00 
  1759   1252310869.7120    0     0.00 
  1758   1252310875.3720    0     0.00 
  1757   1252310881.1400    0     0.00 
  1756   1252310886.8200    0     0.00 
  1755   1252310892.4200    0     0.00 
  1754   1252310898.0800    0     0.00 
  1753   1252310903.8200    0     0.00 
  1752   1252310909.4720    0     0.00 
  1751   1252310915.1160    0     0.00 
  1750   1252310920.7440    0     0.00 
  1749   1252310926.3760    0     0.00 
  1748   1252310932.1200    0     0.00 
  1747   1252310937.6440    0     0.00 
  1746   1252310943.3640    0     0.00 
  1745   1252310949.1480    0     0.00 
  1744   1252310954.8480    0     0.00 
  1743   1252310960.5640    0     0.00 
  1742   1252310966.3160    0     0.00 
  1741   1252310971.9520    0     0.00 
  1740   1252310977.6680    0     0.00 
  1739   1252310983.3280    0     0.00 
  1738   1252310988.9960    0     0.00 
  1737   1252310994.7480    0     0.00 
  1736   1252311000.3800    0     -0.11 
  1735   1252311006.0440    0     -0.11 
  1734   1252311011.7440    0     -0.11 
  1733   1252311017.5400    0     -0.11 
  1732   1252311023.0240    0     -0.11 
  1731   1252311028.8400    0     -0.11 
  1730   1252311034.5920    0     -0.11 
  1729   1252311040.3160    0     -0.11 
  1728   1252311046.0600    0     -0.11 
  1727   1252311051.7760    0     -0.11 
  1726   1252311057.5600    0     -0.11 
  1725   1252311063.0800    0     -0.11 
  1724   1252311068.9040    0     -0.11 
  1723   1252311074.6000    0     -0.11 
  1722   1252311080.2320    0     -0.11 
  1721   1252311086.0000    0     -0.11 
  1720   1252311091.5800    0     -0.11 
  1719   1252311097.3240    0     -0.11 
  1718   1252311103.0840    0     -0.11 
  1717   1252311108.8120    0     -0.11 
  1716   1252311114.3640    0     -0.11 
  1715   1252311120.1960    0     -0.11 
  1714   1252311125.8240    0     -0.11 
  1713   1252311131.6240    0     -0.11 
  1712   1252311137.2160    0     -0.11 
  1711   1252311142.9800    0     -0.11 
  1710   1252311148.8040    0     -0.11 
  1709   1252311154.4640    0     -0.11 
  1708   1252311160.2480    0     -0.11 
  1707   1252311165.8360    0     -0.11 
  1706   1252311171.5080    0     -0.11 
  1705   1252311177.3280    0     -0.11 
  1704   1252311182.8440    0     -0.11 
  1703   1252311188.7640    0     -0.11 
  1702   1252311194.3600    0     -0.11 
  1701   1252311200.1560    0     -0.11 
  1700   1252311205.8480    0     -0.11 
  1699   1252311211.6080    0     -0.11 
  1698   1252311217.3240    0     -0.11 
  1697   1252311222.9600    0     -0.11 
  1696   1252311228.7880    0     -0.11 
  1695   1252311234.5240    0     -0.11 
  1694   1252311240.1280    0     -0.11 
  1693   1252311245.8560    0     -0.11 
  1692   1252311251.6960    0     -0.11 
  1691   1252311257.3080    0     -0.11 
  1690   1252311263.1320    0     -0.11 
  1689   1252311268.7800    0     -0.11 
  1688   1252311274.4360    0     -0.11 
  1687   1252311280.2240    0     -0.11 
  1686   1252311285.8520    0     -0.11 
  1685   1252311291.6240    0     -0.11 
  1684   1252311297.4320    0     -0.11 
  1683   1252311303.2040    0     -0.11 
  1682   1252311308.9200    0     -0.11 
  1681   1252311314.6680    0     -0.11 
  1680   1252311320.3240    0     -0.11 
  1679   1252311325.9720    0     -0.11 
  1678   1252311331.7800    0     -0.11 
  1677   1252311337.4080    0     -0.11 
  1676   1252311343.0480    0     -0.11 
  1675   1252311348.8120    0     -0.11 
  1674   1252311354.3720    0     -0.11 
  1673   1252311360.0920    0     -0.11 
  1672   1252311365.8680    0     -0.11 
  1671   1252311371.5600    0     -0.11 
  1670   1252311377.2440    0     -0.11 
  1669   1252311382.9320    0     -0.11 
  1668   1252311388.5800    0     -0.11 
  1667   1252311394.3240    0     -0.11 
  1666   1252311400.0360    0     -0.11 
  1665   1252311405.6960    0     -0.11 
  1664   1252311411.3960    0     -0.11 
  1663   1252311417.0720    0     -0.11 
  1662   1252311422.7360    0     -0.11 
  1661   1252311428.5240    0     -0.11 
  1660   1252311434.1320    0     -0.11 
  1659   1252311439.8640    0     -0.11 
  1658   1252311445.5080    0     -0.11 
  1657   1252311451.3240    0     -0.11 
  1656   1252311457.0360    0     -0.11 
  1655   1252311462.7240    0     -0.11 
  1654   1252311468.4640    0     -0.11 
  1653   1252311474.0920    0     -0.11 
  1652   1252311479.8200    0     -0.11 
  1651   1252311485.7240    0     -0.11 
  1650   1252311491.2400    0     -0.11 
  1649   1252311497.0120    0     -0.11 
  1648   1252311502.7440    0     -0.11 
  1647   1252311508.5080    0     -0.11 
  1646   1252311514.2880    0     -0.11 
  1645   1252311519.9880    0     -0.11 
  1644   1252311525.7160    0     -0.11 
  1643   1252311531.3680    0     -0.11 
  1642   1252311537.1200    0     -0.11 
  1641   1252311542.9440    0     -0.11 
  1640   1252311548.5960    0     -0.11 
  1639   1252311554.2680    0     -0.11 
  1638   1252311560.1440    0     -0.11 
  1637   1252311565.7520    0     -0.11 
  1636   1252311571.4840    0     -0.11 
  1635   1252311577.2160    0     -0.11 
  1634   1252311582.9160    0     -0.11 
  1633   1252311588.6640    0     -0.11 
  1632   1252311594.3240    0     -0.11 
  1631   1252311599.9960    0     -0.10 
  1630   1252311605.7080    0     -0.10 
  1629   1252311611.4760    0     -0.10 
  1628   1252311617.0400    0     -0.10 
  1627   1252311622.8760    0     -0.10 
  1626   1252311628.6240    0     -0.10 
  1625   1252311634.3080    0     -0.10 
  1624   1252311640.0080    0     -0.10 
  1623   1252311645.5640    0     -0.10 
  1622   1252311651.2800    0     -0.10 
  1621   1252311657.0120    0     -0.10 
  1620   1252311662.6960    0     -0.10 
  1619   1252311668.3160    0     -0.10 
  1618   1252311674.0800    0     -0.10 
  1617   1252311679.7720    0     -0.10 
  1616   1252311685.4960    0     -0.10 
  1615   1252311691.1680    0     -0.10 
  1614   1252311696.7920    0     -0.10 
  1613   1252311702.6240    0     -0.10 
  1612   1252311708.3560    0     -0.10 
  1611   1252311714.1040    0     -0.10 
  1610   1252311719.6720    0     -0.10 
  1609   1252311725.4640    0     -0.10 
  1608   1252311731.1280    0     -0.10 
  1607   1252311736.8800    0     -0.10 
  1606   1252311742.6320    0     -0.10 
  1605   1252311748.2480    0     -0.10 
  1604   1252311753.9240    0     -0.10 
  1603   1252311759.6720    0     -0.10 
  1602   1252311765.5840    0     -0.10 
  1601   1252311771.1760    0     -0.10 
  1600   1252311776.9400    0     -0.10 
  1599   1252311782.5520    0     -0.10 
  1598   1252311788.3160    0     -0.10 
  1597   1252311794.0560    0     -0.10 
  1596   1252311799.6840    0     -0.10 
  1595   1252311805.5320    0     -0.10 
  1594   1252311811.1520    0     -0.10 
  1593   1252311816.9840    0     -0.10 
  1592   1252311822.7520    0     -0.10 
  1591   1252311828.3560    0     -0.10 
  1590   1252311833.9680    0     -0.10 
  1589   1252311839.6880    0     -0.10 
  1588   1252311845.5160    0     -0.10 
  1587   1252311851.0200    0     -0.10 
  1586   1252311856.9160    0     -0.10 
  1585   1252311862.5080    0     -0.10 
  1584   1252311868.3400    0     -0.10 
  1583   1252311874.0640    0     -0.10 
  1582   1252311879.5480    0     -0.10 
  1581   1252311885.4520    0     -0.10 
  1580   1252311891.1240    0     -0.10 
  1579   1252311896.7840    0     -0.10 
  1578   1252311902.4200    0     -0.10 
  1577   1252311908.1280    0     -0.10 
  1576   1252311913.9640    0     -0.10 
  1575   1252311919.7320    0     -0.10 
  1574   1252311925.3760    0     -0.10 
  1573   1252311931.1520    0     -0.10 
  1572   1252311936.7960    0     -0.10 
  1571   1252311942.6120    0     -0.10 
  1570   1252311948.2440    0     -0.10 
  1569   1252311953.9680    0     -0.10 
  1568   1252311959.6960    0     -0.10 
  1567   1252311965.3400    0     -0.10 
  1566   1252311971.0120    0     -0.10 
  1565   1252311976.6920    0     -0.10 
  1564   1252311982.3600    0     -0.10 
  1563   1252311988.1080    0     -0.10 
  1562   1252311993.7760    0     -0.10 
  1561   1252311999.5120    0     -0.10 
  1560   1252312005.2320    0     -0.10 
  1559   1252312011.0760    0     -0.10 
  1558   1252312016.7720    0     -0.10 
  1557   1252312022.4440    0     -0.10 
  1556   1252312028.2400    0     -0.10 
  1555   1252312034.0560    0     -0.10 
  1554   1252312039.8280    0     -0.10 
  1553   1252312045.5920    0     -0.10 
  1552   1252312051.3520    0     -0.10 
  1551   1252312057.0200    0     -0.10 
  1550   1252312062.8360    0     -0.10 
  1549   1252312068.5880    0     -0.10 
  1548   1252312074.3920    0     -0.10 
  1547   1252312080.0840    0     -0.10 
  1546   1252312085.8680    0     -0.10 
  1545   1252312091.6240    0     -0.10 
  1544   1252312097.3880    0     -0.10 
  1543   1252312103.2960    0     -0.10 
  1542   1252312108.9080    0     -0.10 
  1541   1252312114.8520    0     -0.10 
  1540   1252312120.6920    0     -0.10 
  1539   1252312126.4040    0     -0.10 
  1538   1252312132.3080    0     -0.10 
  1537   1252312137.9240    0     -0.10 
  1536   1252312143.9120    0     -0.10 
  1535   1252312149.7280    0     -0.10 
  1534   1252312155.4680    0     -0.10 
  1533   1252312161.3240    0     -0.10 
  1532   1252312167.0560    0     -0.10 
  1531   1252312172.8720    0     -0.10 
  1530   1252312178.8120    0     -0.10 
  1529   1252312184.5200    0     -0.10 
  1528   1252312190.2720    0     -0.10 
  1527   1252312196.1200    0     -0.10 
  1526   1252312201.9880    0     -0.13 
  1525   1252312207.8280    0     -0.13 
  1524   1252312213.6400    0     -0.13 
  1523   1252312219.4040    0     -0.13 
  1522   1252312225.3200    0     -0.13 
  1521   1252312230.9480    0     -0.13 
  1520   1252312237.0120    0     -0.13 
  1519   1252312242.7560    0     -0.13 
  1518   1252312248.5640    0     -0.13 
  1517   1252312254.3880    0     -0.13 
  1516   1252312260.1880    0     -0.13 
  1515   1252312265.9800    0     -0.13 
  1514   1252312271.8960    0     -0.13 
  1513   1252312277.7120    0     -0.13 
  1512   1252312283.4880    0     -0.13 
  1511   1252312289.3640    0     -0.13 
  1510   1252312295.1760    0     -0.13 
  1509   1252312300.9760    0     -0.13 
  1508   1252312306.7840    0     -0.13 
  1507   1252312312.5800    0     -0.13 
  1506   1252312318.4800    0     -0.13 
  1505   1252312324.2720    0     -0.13 
  1504   1252312330.0480    0     -0.13 
  1503   1252312335.8680    0     -0.13 
  1502   1252312341.6400    0     -0.13 
  1501   1252312347.5320    0     -0.13 
  1500   1252312353.2720    0     -0.13 
  1499   1252312359.1800    0     -0.13 
  1498   1252312364.9440    0     -0.13 
  1497   1252312370.6440    0     -0.13 
  1496   1252312376.5000    0     -0.13 
  1495   1252312382.2400    0     -0.13 
  1494   1252312388.0560    0     -0.13 
  1493   1252312393.8680    0     -0.13 
  1492   1252312399.5040    0     -0.13 
  1491   1252312405.4000    0     -0.13 
  1490   1252312411.1440    0     -0.13 
  1489   1252312416.7680    0     -0.13 
  1488   1252312422.6480    0     -0.13 
  1487   1252312428.3840    0     -0.13 
  1486   1252312434.0840    0     -0.13 
  1485   1252312439.8280    0     -0.13 
  1484   1252312445.5840    0     -0.13 
  1483   1252312451.3600    0     -0.13 
  1482   1252312457.1720    0     -0.13 
  1481   1252312462.9040    0     -0.13 
  1480   1252312468.7040    0     -0.13 
  1479   1252312474.4520    0     -0.13 
  1478   1252312480.2480    0     -0.13 
  1477   1252312485.9080    0     -0.13 
  1476   1252312491.8360    0     -0.13 
  1475   1252312497.4600    0     -0.13 
  1474   1252312503.2160    0     -0.13 
  1473   1252312509.1160    0     -0.13 
  1472   1252312514.7560    0     -0.13 
  1471   1252312520.6520    0     -0.13 
  1470   1252312526.2920    0     -0.13 
  1469   1252312532.0880    0     -0.13 
  1468   1252312537.9400    0     -0.13 
  1467   1252312543.7880    0     -0.13 
  1466   1252312549.5520    0     -0.13 
  1465   1252312555.3880    0     -0.13 
  1464   1252312561.1560    0     -0.13 
  1463   1252312567.0040    0     -0.13 
  1462   1252312572.9040    0     -0.13 
  1461   1252312578.6400    0     -0.13 
  1460   1252312584.5040    0     -0.13 
  1459   1252312590.3360    0     -0.13 
  1458   1252312596.1680    0     -0.13 
  1457   1252312602.0000    0     -0.13 
  1456   1252312607.7640    0     -0.13 
  1455   1252312613.6240    0     -0.13 
  1454   1252312619.3640    0     -0.13 
  1453   1252312625.2880    0     -0.13 
  1452   1252312631.0240    0     -0.13 
  1451   1252312636.8560    0     -0.13 
  1450   1252312642.7000    0     -0.13 
  1449   1252312648.4400    0     -0.13 
  1448   1252312654.2400    0     -0.13 
  1447   1252312660.1800    0     -0.13 
  1446   1252312665.8040    0     -0.13 
  1445   1252312671.7880    0     -0.13 
  1444   1252312677.5840    0     -0.13 
  1443   1252312683.3520    0     -0.13 
  1442   1252312689.0960    0     -0.13 
  1441   1252312694.9760    0     -0.13 
  1440   1252312700.8560    0     -0.13 
  1439   1252312706.5800    0     -0.13 
  1438   1252312712.4160    0     -0.13 
  1437   1252312718.2040    0     -0.13 
  1436   1252312724.0320    0     -0.13 
  1435   1252312729.7760    0     -0.13 
  1434   1252312735.5840    0     -0.13 
  1433   1252312741.5480    0     -0.13 
  1432   1252312747.4120    0     -0.13 
  1431   1252312753.1560    0     -0.13 
  1430   1252312758.9640    0     -0.13 
  1429   1252312764.8480    0     -0.13 
  1428   1252312770.6720    0     -0.13 
  1427   1252312776.5160    0     -0.13 
  1426   1252312782.3240    0     -0.13 
  1425   1252312788.1880    0     -0.13 
  1424   1252312794.0680    0     -0.13 
  1423   1252312799.8800    0     -0.13 
  1422   1252312805.6120    0     -0.13 
  1421   1252312811.5640    0     -0.13 
  1420   1252312817.3160    0     -0.13 
  1419   1252312823.1440    0     -0.13 
  1418   1252312828.9520    0     -0.13 
  1417   1252312834.7880    0     -0.13 
  1416   1252312840.5600    0     -0.13 
  1415   1252312846.3280    0     -0.13 
  1414   1252312852.2880    0     -0.13 
  1413   1252312858.0080    0     -0.13 
  1412   1252312863.8800    0     -0.13 
  1411   1252312869.6720    0     -0.13 
  1410   1252312875.4480    0     -0.13 
  1409   1252312881.2160    0     -0.13 
  1408   1252312887.3960    0     -0.13 
  1407   1252312893.0080    0     -0.13 
  1406   1252312898.9640    0     -0.13 
  1405   1252312904.9280    0     -0.13 
  1404   1252312910.7520    0     -0.13 
  1403   1252312916.7200    0     -0.13 
  1402   1252312922.4640    0     -0.13 
  1401   1252312928.3360    0     -0.13 
  1400   1252312934.3040    0     -0.13 
  1399   1252312940.1320    0     -0.13 
  1398   1252312946.0280    0     -0.13 
  1397   1252312951.8240    0     -0.13 
  1396   1252312957.7200    0     -0.13 
  1395   1252312963.6160    0     -0.13 
  1394   1252312969.4600    0     -0.13 
  1393   1252312975.2400    0     -0.13 
  1392   1252312981.1520    0     -0.13 
  1391   1252312986.8680    0     -0.13 
  1390   1252312992.7920    0     -0.13 
  1389   1252312998.7000    0     -0.13 
  1388   1252313004.4400    0     -0.13 
  1387   1252313010.2440    0     -0.13 
  1386   1252313016.2320    0     -0.13 
  1385   1252313022.0040    0     -0.13 
  1384   1252313027.9520    0     -0.13 
  1383   1252313033.8280    0     -0.13 
  1382   1252313039.5760    0     -0.13 
  1381   1252313045.5440    0     -0.13 
  1380   1252313051.4560    0     -0.13 
  1379   1252313057.1840    0     -0.13 
  1378   1252313063.1600    0     -0.13 
  1377   1252313068.9760    0     -0.13 
  1376   1252313074.7640    0     -0.13 
  1375   1252313080.5640    0     -0.13 
  1374   1252313086.5200    0     -0.13 
  1373   1252313092.3960    0     -0.13 
  1372   1252313098.2040    0     -0.13 
  1371   1252313104.0880    0     -0.13 
  1370   1252313109.9160    0     -0.13 
  1369   1252313115.8040    0     -0.13 
  1368   1252313121.7000    0     -0.13 
  1367   1252313127.5560    0     -0.13 
  1366   1252313133.4160    0     -0.13 
  1365   1252313139.2600    0     -0.13 
  1364   1252313145.1600    0     -0.13 
  1363   1252313150.9520    0     -0.13 
  1362   1252313156.7920    0     -0.13 
  1361   1252313162.7400    0     -0.13 
  1360   1252313168.6440    0     -0.13 
  1359   1252313174.4520    0     -0.13 
  1358   1252313180.1880    0     -0.13 
  1357   1252313186.2200    0     -0.13 
  1356   1252313191.9240    0     -0.13 
  1355   1252313197.8120    0     -0.13 
  1354   1252313203.5880    0     -0.13 
  1353   1252313209.3400    0     -0.13 
  1352   1252313215.2560    0     -0.13 
  1351   1252313220.9400    0     -0.13 
  1350   1252313226.7240    0     -0.13 
  1349   1252313232.5840    0     -0.13 
  1348   1252313238.1800    0     -0.13 
  1347   1252313243.9240    0     -0.13 
  1346   1252313249.8240    0     -0.13 
  1345   1252313255.6160    0     -0.13 
  1344   1252313261.4280    0     -0.13 
  1343   1252313267.3120    0     -0.13 
  1342   1252313273.0440    0     -0.13 
  1341   1252313278.7640    0     -0.13 
  1340   1252313284.6640    0     -0.13 
  1339   1252313290.3960    0     -0.13 
  1338   1252313296.1800    0     -0.13 
  1337   1252313301.9880    0     -0.13 
  1336   1252313307.7760    0     -0.13 
  1335   1252313313.5800    0     -0.13 
  1334   1252313319.4000    0     -0.13 
  1333   1252313325.1720    0     -0.13 
  1332   1252313330.8280    0     -0.13 
  1331   1252313336.7400    0     -0.13 
  1330   1252313342.5720    0     -0.13 
  1329   1252313348.2760    0     -0.13 
  1328   1252313354.1600    0     -0.13 
  1327   1252313359.9040    0     -0.13 
  1326   1252313365.6720    0     -0.13 
  1325   1252313371.5400    0     -0.13 
  1324   1252313377.3240    0     -0.13 
  1323   1252313383.0840    0     -0.13 
  1322   1252313388.9720    0     -0.13 
  1321   1252313394.8080    0     -0.13 
  1320   1252313400.5080    0     -0.12 
  1319   1252313406.3600    0     -0.12 
  1318   1252313412.2160    0     -0.12 
  1317   1252313418.0040    0     -0.12 
  1316   1252313423.7200    0     -0.12 
  1315   1252313429.5680    0     -0.12 
  1314   1252313435.5240    0     -0.12 
  1313   1252313441.3920    0     -0.12 
  1312   1252313447.0880    0     -0.12 
  1311   1252313453.1040    0     -0.12 
  1310   1252313458.7840    0     -0.12 
  1309   1252313464.6320    0     -0.12 
  1308   1252313470.5040    0     -0.12 
  1307   1252313476.1880    0     -0.12 
  1306   1252313482.1440    0     -0.12 
  1305   1252313487.9800    0     -0.12 
  1304   1252313493.8560    0     -0.12 
  1303   1252313499.6120    0     -0.12 
  1302   1252313505.3240    0     -0.12 
  1301   1252313511.3040    0     -0.12 
  1300   1252313517.0240    0     -0.12 
  1299   1252313522.9960    0     -0.12 
  1298   1252313528.7040    0     -0.12 
  1297   1252313534.5800    0     -0.12 
  1296   1252313540.3720    0     -0.12 
  1295   1252313546.0960    0     -0.12 
  1294   1252313551.8680    0     -0.12 
  1293   1252313557.7600    0     -0.12 
  1292   1252313563.5040    0     -0.12 
  1291   1252313569.2880    0     -0.12 
  1290   1252313575.0800    0     -0.12 
  1289   1252313580.7960    0     -0.12 
  1288   1252313586.6960    0     -0.12 
  1287   1252313592.4960    0     -0.12 
  1286   1252313598.1520    0     -0.12 
  1285   1252313603.9720    0     -0.12 
  1284   1252313609.8120    0     -0.12 
  1283   1252313615.5520    0     -0.12 
  1282   1252313621.4360    0     -0.12 
  1281   1252313627.0840    0     -0.12 
  1280   1252313633.0080    0     -0.12 
  1279   1252313638.8160    0     -0.12 
  1278   1252313644.4480    0     -0.12 
  1277   1252313650.4400    0     -0.12 
  1276   1252313656.0400    0     -0.12 
  1275   1252313661.8680    0     -0.12 
  1274   1252313667.6120    0     -0.12 
  1273   1252313673.2600    0     -0.12 
  1272   1252313679.1680    0     -0.12 
  1271   1252313684.9160    0     -0.12 
  1270   1252313690.7760    0     -0.12 
  1269   1252313696.4280    0     -0.12 
  1268   1252313702.2880    0     -0.12 
  1267   1252313708.1520    0     -0.12 
  1266   1252313713.9080    0     -0.12 
  1265   1252313719.7320    0     -0.12 
  1264   1252313725.4840    0     -0.12 
  1263   1252313731.2040    0     -0.12 
  1262   1252313737.1560    0     -0.12 
  1261   1252313743.0120    0     -0.12 
  1260   1252313748.7600    0     -0.12 
  1259   1252313754.5920    0     -0.12 
  1258   1252313760.3640    0     -0.12 
  1257   1252313766.1480    0     -0.12 
  1256   1252313771.9160    0     -0.12 
  1255   1252313777.5840    0     -0.12 
  1254   1252313783.4040    0     -0.12 
  1253   1252313789.3040    0     -0.12 
  1252   1252313794.9600    0     -0.12 
  1251   1252313800.7960    0     -0.12 
  1250   1252313806.6080    0     -0.12 
  1249   1252313812.3080    0     -0.12 
  1248   1252313818.0560    0     -0.12 
  1247   1252313823.8240    0     -0.12 
  1246   1252313829.5320    0     -0.12 
  1245   1252313835.3680    0     -0.12 
  1244   1252313841.1000    0     -0.12 
  1243   1252313846.8880    0     -0.12 
  1242   1252313852.6200    0     -0.12 
  1241   1252313858.4080    0     -0.12 
  1240   1252313864.2600    0     -0.12 
  1239   1252313870.0000    0     -0.12 
  1238   1252313875.6840    0     -0.12 
  1237   1252313881.5560    0     -0.12 
  1236   1252313887.3000    0     -0.12 
  1235   1252313893.1000    0     -0.12 
  1234   1252313898.8640    0     -0.12 
  1233   1252313904.7600    0     -0.12 
  1232   1252313910.6320    0     -0.12 
  1231   1252313916.3240    0     -0.12 
  1230   1252313922.1040    0     -0.12 
  1229   1252313927.9080    0     -0.12 
  1228   1252313933.6040    0     -0.12 
  1227   1252313939.6360    0     -0.12 
  1226   1252313945.2480    0     -0.12 
  1225   1252313951.1480    0     -0.12 
  1224   1252313956.8920    0     -0.12 
  1223   1252313962.6440    0     -0.12 
  1222   1252313968.3440    0     -0.12 
  1221   1252313974.0880    0     -0.12 
  1220   1252313979.9000    0     -0.12 
  1219   1252313985.7800    0     -0.12 
  1218   1252313991.4840    0     -0.12 
  1217   1252313997.1560    0     -0.12 
  1216   1252314003.1120    0     -0.08 
  1215   1252314008.8640    0     -0.08 
  1214   1252314014.5760    0     -0.08 
  1213   1252314020.3680    0     -0.08 
  1212   1252314026.0000    0     -0.08 
  1211   1252314031.8920    0     -0.08 
  1210   1252314037.6080    0     -0.08 
  1209   1252314043.3840    0     -0.08 
  1208   1252314049.1800    0     -0.08 
  1207   1252314054.8120    0     -0.08 
  1206   1252314060.6440    0     -0.08 
  1205   1252314066.4480    0     -0.08 
  1204   1252314072.2320    0     -0.08 
  1203   1252314078.0600    0     -0.08 
  1202   1252314083.8040    0     -0.08 
  1201   1252314089.5440    0     -0.08 
  1200   1252314095.3640    0     -0.08 
  1199   1252314101.2160    0     -0.08 
  1198   1252314106.9240    0     -0.08 
  1197   1252314112.7800    0     -0.08 
  1196   1252314118.4880    0     -0.08 
  1195   1252314124.3720    0     -0.08 
  1194   1252314130.1360    0     -0.08 
  1193   1252314135.8520    0     -0.08 
  1192   1252314141.7280    0     -0.08 
  1191   1252314147.4800    0     -0.08 
  1190   1252314153.3200    0     -0.08 
  1189   1252314159.0120    0     -0.08 
  1188   1252314164.7560    0     -0.08 
  1187   1252314170.6480    0     -0.08 
  1186   1252314176.2880    0     -0.08 
  1185   1252314182.1360    0     -0.08 
  1184   1252314187.9840    0     -0.08 
  1183   1252314193.6560    0     -0.08 
  1182   1252314199.4160    0     -0.08 
  1181   1252314205.3000    0     -0.08 
  1180   1252314210.9360    0     -0.08 
  1179   1252314216.8000    0     -0.08 
  1178   1252314222.4280    0     -0.08 
  1177   1252314228.2800    0     -0.08 
  1176   1252314234.0560    0     -0.08 
  1175   1252314239.7160    0     -0.08 
  1174   1252314245.6160    0     -0.08 
  1173   1252314251.3720    0     -0.08 
  1172   1252314257.1920    0     -0.08 
  1171   1252314263.0000    0     -0.08 
  1170   1252314268.7200    0     -0.08 
  1169   1252314274.6080    0     -0.08 
  1168   1252314280.3760    0     -0.08 
  1167   1252314286.0800    0     -0.08 
  1166   1252314292.0440    0     -0.08 
  1165   1252314297.8120    0     -0.08 
  1164   1252314303.5240    0     -0.08 
  1163   1252314309.3200    0     -0.08 
  1162   1252314315.2840    0     -0.08 
  1161   1252314321.0120    0     -0.08 
  1160   1252314326.7800    0     -0.08 
  1159   1252314332.5240    0     -0.08 
  1158   1252314338.2840    0     -0.08 
  1157   1252314344.2120    0     -0.08 
  1156   1252314349.9120    0     -0.08 
  1155   1252314355.8160    0     -0.08 
  1154   1252314361.6800    0     -0.08 
  1153   1252314367.4280    0     -0.08 
  1152   1252314373.3680    0     -0.08 
  1151   1252314379.0840    0     -0.08 
  1150   1252314385.0080    0     -0.08 
  1149   1252314390.9560    0     -0.08 
  1148   1252314396.6320    0     -0.08 
  1147   1252314402.5880    0     -0.08 
  1146   1252314408.4280    0     -0.08 
  1145   1252314414.1000    0     -0.08 
  1144   1252314420.0200    0     -0.08 
  1143   1252314425.7280    0     -0.08 
  1142   1252314431.5160    0     -0.08 
  1141   1252314437.4200    0     -0.08 
  1140   1252314443.1440    0     -0.08 
  1139   1252314448.9120    0     -0.08 
  1138   1252314454.6440    0     -0.08 
  1137   1252314460.3640    0     -0.08 
  1136   1252314466.3280    0     -0.08 
  1135   1252314472.1120    0     -0.08 
  1134   1252314477.9680    0     -0.08 
  1133   1252314483.7160    0     -0.08 
  1132   1252314489.5000    0     -0.08 
  1131   1252314495.3080    0     -0.08 
  1130   1252314501.1080    0     -0.08 
  1129   1252314507.0240    0     -0.08 
  1128   1252314512.7960    0     -0.08 
  1127   1252314518.5800    0     -0.08 
  1126   1252314524.3480    0     -0.08 
  1125   1252314530.2480    0     -0.08 
  1124   1252314536.0040    0     -0.08 
  1123   1252314541.7080    0     -0.08 
  1122   1252314547.6840    0     -0.08 
  1121   1252314553.4920    0     -0.08 
  1120   1252314559.2360    0     -0.08 
  1119   1252314565.1520    0     -0.08 
  1118   1252314570.9520    0     -0.08 
  1117   1252314576.9720    0     -0.08 
  1116   1252314582.8080    0     -0.08 
  1115   1252314588.5160    0     -0.08 
  1114   1252314594.4640    0     -0.08 
  1113   1252314600.3280    0     -0.14 
  1112   1252314606.2320    0     -0.14 
  1111   1252314612.0760    0     -0.14 
