# UltraTide data for line 5199F1039/nrt
#Shot    Time               status  ultraTide 
#Name: ACO.ULTRATIDE1
  1899   1252395812.8280    0     0.02 
  1900   1252395818.4200    0     0.02 
  1901   1252395823.8800    0     0.02 
  1902   1252395829.4320    0     0.02 
  1903   1252395834.9400    0     0.02 
  1904   1252395840.4400    0     0.02 
  1905   1252395845.9960    0     0.02 
  1906   1252395851.6320    0     0.02 
  1907   1252395857.1520    0     0.02 
  1908   1252395862.8120    0     0.02 
  1909   1252395868.3640    0     0.02 
  1910   1252395873.9160    0     0.02 
  1911   1252395879.5560    0     0.02 
  1912   1252395885.1600    0     0.02 
  1913   1252395890.8000    0     0.02 
  1914   1252395896.3720    0     0.02 
  1915   1252395902.0120    0     0.02 
  1916   1252395907.7280    0     0.02 
  1917   1252395913.2920    0     0.02 
  1918   1252395918.9280    0     0.02 
  1919   1252395924.5400    0     0.02 
  1920   1252395930.1120    0     0.02 
  1921   1252395935.7920    0     0.02 
  1922   1252395941.4520    0     0.02 
  1923   1252395947.1200    0     0.02 
  1924   1252395952.6440    0     0.02 
  1925   1252395958.2840    0     0.02 
  1926   1252395963.8320    0     0.02 
  1927   1252395969.4840    0     0.02 
  1928   1252395975.2240    0     0.02 
  1929   1252395980.8880    0     0.02 
  1930   1252395986.5080    0     0.02 
  1931   1252395992.1080    0     0.02 
  1932   1252395997.8040    0     0.02 
  1933   1252396003.4080    0     0.02 
  1934   1252396009.0400    0     0.02 
  1935   1252396014.6720    0     0.02 
  1936   1252396020.2640    0     0.02 
  1937   1252396025.9600    0     0.02 
  1938   1252396031.6240    0     0.02 
  1939   1252396037.2400    0     0.02 
  1940   1252396042.8600    0     0.02 
  1941   1252396048.4400    0     0.02 
  1942   1252396054.1360    0     0.02 
  1943   1252396059.7800    0     0.02 
  1944   1252396065.4320    0     0.02 
  1945   1252396071.0680    0     0.02 
  1946   1252396076.6080    0     0.02 
  1947   1252396082.2280    0     0.02 
  1948   1252396087.8760    0     0.02 
  1949   1252396093.4480    0     0.02 
  1950   1252396099.0760    0     0.02 
  1951   1252396104.6160    0     0.02 
  1952   1252396110.1720    0     0.02 
  1953   1252396115.8200    0     0.02 
  1954   1252396121.4080    0     0.02 
  1955   1252396127.0200    0     0.02 
  1956   1252396132.6640    0     0.02 
  1957   1252396138.2680    0     0.02 
  1958   1252396143.7720    0     0.02 
  1959   1252396149.4440    0     0.02 
  1960   1252396154.9760    0     0.02 
  1961   1252396160.6080    0     0.02 
  1962   1252396166.1320    0     0.02 
  1963   1252396171.7640    0     0.02 
  1964   1252396177.4360    0     0.02 
  1965   1252396183.1040    0     0.02 
  1966   1252396188.6440    0     0.02 
  1967   1252396194.2320    0     0.02 
  1968   1252396199.9320    0     0.01 
  1969   1252396205.5600    0     0.01 
  1970   1252396211.1400    0     0.01 
  1971   1252396216.6880    0     0.01 
  1972   1252396222.2640    0     0.01 
  1973   1252396227.9680    0     0.01 
  1974   1252396233.5920    0     0.01 
  1975   1252396239.1760    0     0.01 
  1976   1252396244.8400    0     0.01 
  1977   1252396250.4720    0     0.01 
  1978   1252396256.1400    0     0.01 
  1979   1252396261.7760    0     0.01 
  1980   1252396267.3840    0     0.01 
  1981   1252396273.0600    0     0.01 
  1982   1252396278.6480    0     0.01 
  1983   1252396284.1960    0     0.01 
  1984   1252396289.9080    0     0.01 
  1985   1252396295.5000    0     0.01 
  1986   1252396301.1160    0     0.01 
  1987   1252396306.7040    0     0.01 
  1988   1252396312.3200    0     0.01 
  1989   1252396317.9640    0     0.01 
  1990   1252396323.6520    0     0.01 
  1991   1252396329.3080    0     0.01 
  1992   1252396334.9680    0     0.01 
  1993   1252396340.6280    0     0.01 
  1994   1252396346.2640    0     0.01 
  1995   1252396351.9560    0     0.01 
  1996   1252396357.6720    0     0.01 
  1997   1252396363.3760    0     0.01 
  1998   1252396368.9720    0     0.01 
  1999   1252396374.6880    0     0.01 
  2000   1252396380.3280    0     0.01 
  2001   1252396386.0880    0     0.01 
  2002   1252396391.7520    0     0.01 
  2003   1252396397.3560    0     0.01 
  2004   1252396402.9600    0     0.01 
  2005   1252396408.7040    0     0.01 
  2006   1252396414.2960    0     0.01 
  2007   1252396419.9080    0     0.01 
  2008   1252396425.5560    0     0.01 
  2009   1252396431.1080    0     0.01 
  2010   1252396436.6600    0     0.01 
  2011   1252396442.3240    0     0.01 
  2012   1252396447.9000    0     0.01 
  2013   1252396453.5800    0     0.01 
  2014   1252396459.1880    0     0.01 
  2015   1252396464.7320    0     0.01 
  2016   1252396470.2880    0     0.01 
  2017   1252396475.9280    0     0.01 
  2018   1252396481.5560    0     0.01 
  2019   1252396487.0800    0     0.01 
  2020   1252396492.6520    0     0.01 
  2021   1252396498.2520    0     0.01 
  2022   1252396503.8640    0     0.01 
  2023   1252396509.5200    0     0.01 
  2024   1252396515.1520    0     0.01 
  2025   1252396520.7760    0     0.01 
  2026   1252396526.3080    0     0.01 
  2027   1252396531.9560    0     0.01 
  2028   1252396537.5240    0     0.01 
  2029   1252396543.1640    0     0.01 
  2030   1252396548.7600    0     0.01 
  2031   1252396554.2640    0     0.01 
  2032   1252396559.9080    0     0.01 
  2033   1252396565.5120    0     0.01 
  2034   1252396571.0560    0     0.01 
  2035   1252396576.6320    0     0.01 
  2036   1252396582.2560    0     0.01 
  2037   1252396587.8600    0     0.01 
  2038   1252396593.4320    0     0.01 
  2039   1252396599.0200    0     0.01 
  2040   1252396604.4720    0     0.01 
  2041   1252396610.0360    0     0.01 
  2042   1252396615.6640    0     0.01 
  2043   1252396621.2880    0     0.01 
  2044   1252396626.7520    0     0.01 
  2045   1252396632.3560    0     0.01 
  2046   1252396637.8560    0     0.01 
  2047   1252396643.4120    0     0.01 
  2048   1252396648.9720    0     0.01 
  2049   1252396654.5560    0     0.01 
  2050   1252396660.1560    0     0.01 
  2051   1252396665.7120    0     0.01 
  2052   1252396671.2080    0     0.01 
  2053   1252396676.8240    0     0.01 
  2054   1252396682.3440    0     0.01 
  2055   1252396687.9120    0     0.01 
  2056   1252396693.4000    0     0.01 
  2057   1252396699.0040    0     0.01 
  2058   1252396704.5560    0     0.01 
  2059   1252396710.1480    0     0.01 
  2060   1252396715.7520    0     0.01 
  2061   1252396721.2400    0     0.01 
  2062   1252396726.7560    0     0.01 
  2063   1252396732.2600    0     0.01 
  2064   1252396737.8360    0     0.01 
  2065   1252396743.4080    0     0.01 
  2066   1252396748.9200    0     0.01 
  2067   1252396754.4600    0     0.01 
  2068   1252396760.1000    0     0.01 
  2069   1252396765.6360    0     0.01 
  2070   1252396771.2280    0     0.01 
  2071   1252396776.8160    0     0.01 
  2072   1252396782.4400    0     0.01 
  2073   1252396787.9240    0     0.01 
  2074   1252396793.5760    0     0.01 
  2075   1252396799.1560    0     0.01 
  2076   1252396804.7440    0     -0.02 
  2077   1252396810.3360    0     -0.02 
  2078   1252396815.8840    0     -0.02 
  2079   1252396821.5440    0     -0.02 
  2080   1252396827.1320    0     -0.02 
  2081   1252396832.8080    0     -0.02 
  2082   1252396838.3800    0     -0.02 
  2083   1252396844.0680    0     -0.02 
  2084   1252396849.7040    0     -0.02 
  2085   1252396855.2960    0     -0.02 
  2086   1252396860.8960    0     -0.02 
  2087   1252396866.5160    0     -0.02 
  2088   1252396872.2120    0     -0.02 
  2089   1252396877.8280    0     -0.02 
  2090   1252396883.4800    0     -0.02 
  2091   1252396889.2400    0     -0.02 
  2092   1252396894.9200    0     -0.02 
  2093   1252396900.5880    0     -0.02 
  2094   1252396906.2040    0     -0.02 
  2095   1252396911.8560    0     -0.02 
  2096   1252396917.5560    0     -0.02 
  2097   1252396923.2640    0     -0.02 
  2098   1252396928.8720    0     -0.02 
  2099   1252396934.5680    0     -0.02 
  2100   1252396940.2400    0     -0.02 
  2101   1252396945.9240    0     -0.02 
  2102   1252396951.5480    0     -0.02 
  2103   1252396957.2520    0     -0.02 
  2104   1252396962.9440    0     -0.02 
  2105   1252396968.6160    0     -0.02 
  2106   1252396974.2920    0     -0.02 
  2107   1252396979.9040    0     -0.02 
  2108   1252396985.5280    0     -0.02 
  2109   1252396991.1360    0     -0.02 
  2110   1252396996.8360    0     -0.02 
  2111   1252397002.5480    0     -0.02 
  2112   1252397008.1840    0     -0.02 
  2113   1252397013.8960    0     -0.02 
  2114   1252397019.5480    0     -0.02 
  2115   1252397025.1560    0     -0.02 
  2116   1252397030.8360    0     -0.02 
  2117   1252397036.4880    0     -0.02 
  2118   1252397042.2040    0     -0.02 
  2119   1252397047.9040    0     -0.02 
  2120   1252397053.5120    0     -0.02 
  2121   1252397059.2320    0     -0.02 
  2122   1252397064.9240    0     -0.02 
  2123   1252397070.6360    0     -0.02 
  2124   1252397076.4000    0     -0.02 
  2125   1252397082.1800    0     -0.02 
  2126   1252397087.9040    0     -0.02 
  2127   1252397093.6920    0     -0.02 
  2128   1252397099.4520    0     -0.02 
  2129   1252397105.2720    0     -0.02 
  2130   1252397111.0400    0     -0.02 
  2131   1252397116.8120    0     -0.02 
  2132   1252397122.6480    0     -0.02 
  2133   1252397128.4640    0     -0.02 
  2134   1252397134.1320    0     -0.02 
  2135   1252397139.9160    0     -0.02 
  2136   1252397145.7040    0     -0.02 
  2137   1252397151.4720    0     -0.02 
  2138   1252397157.2120    0     -0.02 
  2139   1252397162.9840    0     -0.02 
  2140   1252397168.7480    0     -0.02 
  2141   1252397174.5040    0     -0.02 
  2142   1252397180.3120    0     -0.02 
  2143   1252397186.0120    0     -0.02 
  2144   1252397191.7240    0     -0.02 
  2145   1252397197.3280    0     -0.02 
  2146   1252397203.2040    0     -0.02 
  2147   1252397208.9760    0     -0.02 
  2148   1252397214.6560    0     -0.02 
  2149   1252397220.5160    0     -0.02 
  2150   1252397226.2640    0     -0.02 
  2151   1252397232.1000    0     -0.02 
  2152   1252397237.8200    0     -0.02 
  2153   1252397243.5640    0     -0.02 
  2154   1252397249.3000    0     -0.02 
  2155   1252397254.9400    0     -0.02 
  2156   1252397260.6600    0     -0.02 
  2157   1252397266.4400    0     -0.02 
  2158   1252397272.2360    0     -0.02 
  2159   1252397278.0160    0     -0.02 
  2160   1252397283.7320    0     -0.02 
  2161   1252397289.4560    0     -0.02 
  2162   1252397295.1120    0     -0.02 
  2163   1252397300.8600    0     -0.02 
  2164   1252397306.6360    0     -0.02 
  2165   1252397312.2920    0     -0.02 
  2166   1252397318.0120    0     -0.02 
  2167   1252397323.7800    0     -0.02 
  2168   1252397329.4840    0     -0.02 
  2169   1252397335.1320    0     -0.02 
  2170   1252397340.8760    0     -0.02 
  2171   1252397346.5080    0     -0.02 
  2172   1252397352.2560    0     -0.02 
  2173   1252397357.9960    0     -0.02 
  2174   1252397363.6880    0     -0.02 
  2175   1252397369.3720    0     -0.02 
  2176   1252397375.1520    0     -0.02 
  2177   1252397380.8600    0     -0.02 
  2178   1252397386.5480    0     -0.02 
  2179   1252397392.2400    0     -0.02 
  2180   1252397397.9560    0     -0.02 
  2181   1252397403.6680    0     -0.04 
  2182   1252397409.3840    0     -0.04 
  2183   1252397415.1720    0     -0.04 
  2184   1252397420.8480    0     -0.04 
  2185   1252397426.5800    0     -0.04 
  2186   1252397432.2600    0     -0.04 
  2187   1252397437.9160    0     -0.04 
  2188   1252397443.6440    0     -0.04 
  2189   1252397449.4000    0     -0.04 
  2190   1252397455.1520    0     -0.04 
  2191   1252397460.8720    0     -0.04 
  2192   1252397466.6280    0     -0.04 
  2193   1252397472.3600    0     -0.04 
  2194   1252397478.0320    0     -0.04 
  2195   1252397483.7920    0     -0.04 
  2196   1252397489.5040    0     -0.04 
  2197   1252397495.1840    0     -0.04 
  2198   1252397500.9560    0     -0.04 
  2199   1252397506.6720    0     -0.04 
  2200   1252397512.3800    0     -0.04 
  2201   1252397518.1440    0     -0.04 
  2202   1252397523.8600    0     -0.04 
  2203   1252397529.5000    0     -0.04 
  2204   1252397535.1200    0     -0.04 
  2205   1252397540.7880    0     -0.04 
  2206   1252397546.4880    0     -0.04 
  2207   1252397552.1360    0     -0.04 
  2208   1252397557.7600    0     -0.04 
  2209   1252397563.4520    0     -0.04 
  2210   1252397569.1240    0     -0.04 
  2211   1252397574.7560    0     -0.04 
  2212   1252397580.5000    0     -0.04 
  2213   1252397586.2240    0     -0.04 
  2214   1252397591.7920    0     -0.04 
  2215   1252397597.4520    0     -0.04 
  2216   1252397603.1440    0     -0.04 
  2217   1252397608.9040    0     -0.04 
  2218   1252397614.6920    0     -0.04 
  2219   1252397620.4360    0     -0.04 
  2220   1252397626.0560    0     -0.04 
  2221   1252397631.7160    0     -0.04 
  2222   1252397637.3160    0     -0.04 
  2223   1252397643.0760    0     -0.04 
  2224   1252397648.8400    0     -0.04 
  2225   1252397654.4760    0     -0.04 
  2226   1252397660.1520    0     -0.04 
  2227   1252397665.8040    0     -0.04 
  2228   1252397671.4000    0     -0.04 
  2229   1252397677.1720    0     -0.04 
  2230   1252397682.8920    0     -0.04 
  2231   1252397688.4880    0     -0.04 
  2232   1252397694.1680    0     -0.04 
  2233   1252397699.8640    0     -0.04 
  2234   1252397705.5720    0     -0.04 
  2235   1252397711.2600    0     -0.04 
  2236   1252397716.9240    0     -0.04 
  2237   1252397722.5280    0     -0.04 
  2238   1252397728.3000    0     -0.04 
  2239   1252397733.9720    0     -0.04 
  2240   1252397739.6160    0     -0.04 
  2241   1252397745.3960    0     -0.04 
  2242   1252397750.9760    0     -0.04 
  2243   1252397756.7440    0     -0.04 
  2244   1252397762.4680    0     -0.04 
  2245   1252397768.1520    0     -0.04 
  2246   1252397773.8280    0     -0.04 
  2247   1252397779.5840    0     -0.04 
  2248   1252397785.2480    0     -0.04 
  2249   1252397790.9880    0     -0.04 
  2250   1252397796.6880    0     -0.04 
  2251   1252397802.4240    0     -0.04 
  2252   1252397808.1440    0     -0.04 
  2253   1252397813.7920    0     -0.04 
  2254   1252397819.4240    0     -0.04 
  2255   1252397825.0600    0     -0.04 
  2256   1252397830.8040    0     -0.04 
  2257   1252397836.5160    0     -0.04 
  2258   1252397842.2000    0     -0.04 
  2259   1252397847.9360    0     -0.04 
  2260   1252397853.6000    0     -0.04 
  2261   1252397859.3400    0     -0.04 
  2262   1252397865.0520    0     -0.04 
  2263   1252397870.6320    0     -0.04 
  2264   1252397876.3440    0     -0.04 
  2265   1252397882.0040    0     -0.04 
  2266   1252397887.6920    0     -0.04 
  2267   1252397893.4400    0     -0.04 
  2268   1252397899.2000    0     -0.04 
  2269   1252397904.7720    0     -0.04 
  2270   1252397910.4520    0     -0.04 
  2271   1252397916.1520    0     -0.04 
  2272   1252397921.7960    0     -0.04 
  2273   1252397927.5480    0     -0.04 
  2274   1252397933.2040    0     -0.04 
  2275   1252397938.9240    0     -0.04 
  2276   1252397944.6320    0     -0.04 
  2277   1252397950.3280    0     -0.04 
  2278   1252397956.0320    0     -0.04 
  2279   1252397961.7480    0     -0.04 
  2280   1252397967.4520    0     -0.04 
  2281   1252397973.1360    0     -0.04 
  2282   1252397978.8520    0     -0.04 
  2283   1252397984.5480    0     -0.04 
  2284   1252397990.1960    0     -0.04 
  2285   1252397996.0240    0     -0.04 
  2286   1252398001.7320    0     -0.04 
  2287   1252398007.4280    0     -0.04 
  2288   1252398013.2080    0     -0.04 
  2289   1252398018.9600    0     -0.04 
  2290   1252398024.6520    0     -0.04 
  2291   1252398030.4040    0     -0.04 
  2292   1252398036.1280    0     -0.04 
  2293   1252398041.8400    0     -0.04 
  2294   1252398047.5920    0     -0.04 
  2295   1252398053.3000    0     -0.04 
  2296   1252398058.9000    0     -0.04 
  2297   1252398064.6520    0     -0.04 
  2298   1252398070.3840    0     -0.04 
  2299   1252398076.0800    0     -0.04 
  2300   1252398081.8400    0     -0.04 
  2301   1252398087.4800    0     -0.04 
  2302   1252398093.3280    0     -0.04 
  2303   1252398099.0120    0     -0.04 
  2304   1252398104.6760    0     -0.04 
  2305   1252398110.3960    0     -0.04 
  2306   1252398116.1520    0     -0.04 
  2307   1252398121.9040    0     -0.04 
  2308   1252398127.6000    0     -0.04 
  2309   1252398133.2320    0     -0.04 
  2310   1252398138.8760    0     -0.04 
  2311   1252398144.6000    0     -0.04 
  2312   1252398150.4160    0     -0.04 
  2313   1252398156.1280    0     -0.04 
  2314   1252398161.7280    0     -0.04 
  2315   1252398167.3760    0     -0.04 
  2316   1252398173.1360    0     -0.04 
  2317   1252398178.8320    0     -0.04 
  2318   1252398184.5160    0     -0.04 
  2319   1252398190.2920    0     -0.04 
  2320   1252398195.9400    0     -0.04 
  2321   1252398201.6200    0     -0.04 
  2322   1252398207.3080    0     -0.04 
  2323   1252398212.9720    0     -0.04 
  2324   1252398218.6920    0     -0.04 
  2325   1252398224.4400    0     -0.04 
  2326   1252398230.1080    0     -0.04 
  2327   1252398235.8000    0     -0.04 
  2328   1252398241.5280    0     -0.04 
  2329   1252398247.2640    0     -0.04 
  2330   1252398252.9520    0     -0.04 
  2331   1252398258.6320    0     -0.04 
  2332   1252398264.3040    0     -0.04 
  2333   1252398270.0080    0     -0.04 
  2334   1252398275.7120    0     -0.04 
  2335   1252398281.4560    0     -0.04 
  2336   1252398287.1760    0     -0.04 
  2337   1252398292.8480    0     -0.04 
  2338   1252398298.4920    0     -0.04 
  2339   1252398304.1440    0     -0.04 
  2340   1252398309.8440    0     -0.04 
  2341   1252398315.5720    0     -0.04 
  2342   1252398321.2720    0     -0.04 
  2343   1252398326.9040    0     -0.04 
  2344   1252398332.5520    0     -0.04 
  2345   1252398338.3040    0     -0.04 
  2346   1252398344.0040    0     -0.04 
  2347   1252398349.6800    0     -0.04 
  2348   1252398355.3200    0     -0.04 
  2349   1252398361.0280    0     -0.04 
  2350   1252398366.6120    0     -0.04 
  2351   1252398372.2680    0     -0.04 
  2352   1252398377.8960    0     -0.04 
  2353   1252398383.5840    0     -0.04 
  2354   1252398389.2600    0     -0.04 
  2355   1252398394.8720    0     -0.04 
  2356   1252398400.5080    0     -0.04 
  2357   1252398406.1920    0     -0.04 
  2358   1252398411.8080    0     -0.04 
  2359   1252398417.5240    0     -0.04 
  2360   1252398423.1560    0     -0.04 
  2361   1252398428.7880    0     -0.04 
  2362   1252398434.4240    0     -0.04 
  2363   1252398440.1200    0     -0.04 
  2364   1252398445.7720    0     -0.04 
  2365   1252398451.4320    0     -0.04 
  2366   1252398457.0280    0     -0.04 
  2367   1252398462.6960    0     -0.04 
  2368   1252398468.3120    0     -0.04 
  2369   1252398474.0120    0     -0.04 
  2370   1252398479.6720    0     -0.04 
  2371   1252398485.2880    0     -0.04 
  2372   1252398491.0080    0     -0.04 
  2373   1252398496.6920    0     -0.04 
  2374   1252398502.3360    0     -0.04 
  2375   1252398507.9400    0     -0.04 
  2376   1252398513.5760    0     -0.04 
  2377   1252398519.3080    0     -0.04 
  2378   1252398524.9840    0     -0.04 
  2379   1252398530.6920    0     -0.04 
  2380   1252398536.4280    0     -0.04 
  2381   1252398542.0800    0     -0.04 
  2382   1252398547.7000    0     -0.04 
  2383   1252398553.4120    0     -0.04 
  2384   1252398559.0360    0     -0.04 
  2385   1252398564.6720    0     -0.04 
  2386   1252398570.3120    0     -0.04 
  2387   1252398575.9800    0     -0.04 
  2388   1252398581.6320    0     -0.04 
  2389   1252398587.2720    0     -0.04 
  2390   1252398592.9000    0     -0.04 
  2391   1252398598.5240    0     -0.04 
  2392   1252398604.1600    0     -0.04 
  2393   1252398609.8440    0     -0.04 
  2394   1252398615.5240    0     -0.04 
  2395   1252398621.1600    0     -0.04 
  2396   1252398626.7840    0     -0.04 
  2397   1252398632.3520    0     -0.04 
  2398   1252398638.0560    0     -0.04 
  2399   1252398643.7000    0     -0.04 
  2400   1252398649.3280    0     -0.04 
  2401   1252398655.0240    0     -0.04 
  2402   1252398660.5680    0     -0.04 
  2403   1252398666.1960    0     -0.04 
  2404   1252398671.8960    0     -0.04 
  2405   1252398677.4640    0     -0.04 
  2406   1252398683.0760    0     -0.04 
  2407   1252398688.6320    0     -0.04 
  2408   1252398694.2520    0     -0.04 
  2409   1252398699.8520    0     -0.04 
  2410   1252398705.5680    0     -0.04 
  2411   1252398711.1760    0     -0.04 
  2412   1252398716.7800    0     -0.04 
  2413   1252398722.5160    0     -0.04 
  2414   1252398728.0520    0     -0.04 
  2415   1252398733.6280    0     -0.04 
  2416   1252398739.3280    0     -0.04 
  2417   1252398744.9120    0     -0.04 
  2418   1252398750.5680    0     -0.04 
  2419   1252398756.1720    0     -0.04 
  2420   1252398761.7880    0     -0.04 
  2421   1252398767.4480    0     -0.04 
  2422   1252398773.0520    0     -0.04 
  2423   1252398778.7400    0     -0.04 
  2424   1252398784.3240    0     -0.04 
  2425   1252398790.0440    0     -0.04 
  2426   1252398795.6520    0     -0.04 
  2427   1252398801.2520    0     -0.04 
  2428   1252398806.9040    0     -0.04 
  2429   1252398812.5080    0     -0.04 
  2430   1252398818.1720    0     -0.04 
  2431   1252398823.8920    0     -0.04 
  2432   1252398829.4120    0     -0.04 
  2433   1252398835.0760    0     -0.04 
  2434   1252398840.6760    0     -0.04 
  2435   1252398846.2720    0     -0.04 
  2436   1252398851.9720    0     -0.04 
  2437   1252398857.5760    0     -0.04 
  2438   1252398863.2720    0     -0.04 
  2439   1252398868.8160    0     -0.04 
  2440   1252398874.4920    0     -0.04 
  2441   1252398880.1800    0     -0.04 
  2442   1252398885.8280    0     -0.04 
  2443   1252398891.4680    0     -0.04 
  2444   1252398897.1200    0     -0.04 
  2445   1252398902.7920    0     -0.04 
  2446   1252398908.4800    0     -0.04 
  2447   1252398914.1280    0     -0.04 
  2448   1252398919.7120    0     -0.04 
  2449   1252398925.3360    0     -0.04 
  2450   1252398930.9560    0     -0.04 
  2451   1252398936.7040    0     -0.04 
  2452   1252398942.2960    0     -0.04 
  2453   1252398947.9160    0     -0.04 
  2454   1252398953.4880    0     -0.04 
  2455   1252398959.1560    0     -0.04 
  2456   1252398964.8280    0     -0.04 
  2457   1252398970.4000    0     -0.04 
  2458   1252398976.0720    0     -0.04 
  2459   1252398981.7280    0     -0.04 
  2460   1252398987.2840    0     -0.04 
  2461   1252398992.9360    0     -0.04 
  2462   1252398998.5120    0     -0.04 
  2463   1252399004.0960    0     -0.04 
  2464   1252399009.6080    0     -0.04 
  2465   1252399015.2560    0     -0.04 
  2466   1252399020.7480    0     -0.04 
  2467   1252399026.4560    0     -0.04 
  2468   1252399032.1000    0     -0.04 
  2469   1252399037.6640    0     -0.04 
  2470   1252399043.4040    0     -0.04 
  2471   1252399048.8840    0     -0.04 
  2472   1252399054.4840    0     -0.04 
  2473   1252399060.0680    0     -0.04 
  2474   1252399065.7280    0     -0.04 
  2475   1252399071.3600    0     -0.04 
  2476   1252399076.9840    0     -0.04 
  2477   1252399082.6440    0     -0.04 
  2478   1252399088.1720    0     -0.04 
  2479   1252399093.7480    0     -0.04 
  2480   1252399099.2920    0     -0.04 
  2481   1252399104.9160    0     -0.04 
  2482   1252399110.5440    0     -0.04 
  2483   1252399116.0800    0     -0.04 
  2484   1252399121.7800    0     -0.04 
  2485   1252399127.4080    0     -0.04 
  2486   1252399132.9200    0     -0.04 
  2487   1252399138.4960    0     -0.04 
  2488   1252399144.0560    0     -0.04 
  2489   1252399149.5560    0     -0.04 
  2490   1252399155.2120    0     -0.04 
  2491   1252399160.8560    0     -0.04 
  2492   1252399166.4160    0     -0.04 
  2493   1252399172.1120    0     -0.04 
  2494   1252399177.7520    0     -0.04 
  2495   1252399183.3760    0     -0.04 
  2496   1252399189.0360    0     -0.04 
  2497   1252399194.6920    0     -0.04 
  2498   1252399200.3280    0     -0.02 
  2499   1252399206.0080    0     -0.02 
  2500   1252399211.7520    0     -0.02 
  2501   1252399217.3640    0     -0.02 
  2502   1252399223.0240    0     -0.02 
  2503   1252399228.7320    0     -0.02 
  2504   1252399234.4480    0     -0.02 
  2505   1252399240.0720    0     -0.02 
  2506   1252399245.7720    0     -0.02 
  2507   1252399251.4200    0     -0.02 
  2508   1252399257.0760    0     -0.02 
  2509   1252399262.7120    0     -0.02 
  2510   1252399268.3840    0     -0.02 
  2511   1252399274.0560    0     -0.02 
  2512   1252399279.7520    0     -0.02 
  2513   1252399285.4160    0     -0.02 
  2514   1252399291.1360    0     -0.02 
  2515   1252399296.6920    0     -0.02 
  2516   1252399302.2160    0     -0.02 
  2517   1252399307.9200    0     -0.02 
  2518   1252399313.6120    0     -0.02 
  2519   1252399319.2880    0     -0.02 
  2520   1252399324.9320    0     -0.02 
  2521   1252399330.4960    0     -0.02 
  2522   1252399336.1800    0     -0.02 
  2523   1252399341.7800    0     -0.02 
  2524   1252399347.3800    0     -0.02 
  2525   1252399353.0240    0     -0.02 
  2526   1252399358.5960    0     -0.02 
  2527   1252399364.2640    0     -0.02 
  2528   1252399369.8560    0     -0.02 
  2529   1252399375.4680    0     -0.02 
  2530   1252399381.0520    0     -0.02 
  2531   1252399386.6360    0     -0.02 
  2532   1252399392.2680    0     -0.02 
  2533   1252399397.8280    0     -0.02 
  2534   1252399403.4440    0     -0.02 
  2535   1252399409.0280    0     -0.02 
  2536   1252399414.6200    0     -0.02 
  2537   1252399420.1120    0     -0.02 
  2538   1252399425.6320    0     -0.02 
  2539   1252399431.2360    0     -0.02 
  2540   1252399436.8520    0     -0.02 
  2541   1252399442.4040    0     -0.02 
  2542   1252399447.9640    0     -0.02 
  2543   1252399453.6080    0     -0.02 
  2544   1252399459.1280    0     -0.02 
  2545   1252399464.7480    0     -0.02 
  2546   1252399470.3160    0     -0.02 
  2547   1252399475.8840    0     -0.02 
  2548   1252399481.5160    0     -0.02 
  2549   1252399487.1320    0     -0.02 
  2550   1252399492.7120    0     -0.02 
  2551   1252399498.3120    0     -0.02 
  2552   1252399503.8800    0     -0.02 
  2553   1252399509.4840    0     -0.02 
  2554   1252399515.0920    0     -0.02 
  2555   1252399520.6640    0     -0.02 
  2556   1252399526.2080    0     -0.02 
  2557   1252399531.7960    0     -0.02 
  2558   1252399537.4120    0     -0.02 
  2559   1252399543.0040    0     -0.02 
  2560   1252399548.6480    0     -0.02 
  2561   1252399554.2040    0     -0.02 
  2562   1252399559.7080    0     -0.02 
  2563   1252399565.3600    0     -0.02 
  2564   1252399570.9320    0     -0.02 
  2565   1252399576.5480    0     -0.02 
  2566   1252399582.0480    0     -0.02 
  2567   1252399587.6720    0     -0.02 
  2568   1252399593.2680    0     -0.02 
  2569   1252399598.8840    0     -0.02 
  2570   1252399604.4920    0     -0.02 
  2571   1252399610.1040    0     -0.02 
  2572   1252399615.8000    0     -0.02 
  2573   1252399621.4640    0     -0.02 
  2574   1252399627.2120    0     -0.02 
  2575   1252399633.0760    0     -0.02 
  2576   1252399638.8360    0     -0.02 
  2577   1252399644.5760    0     -0.02 
  2578   1252399650.4640    0     -0.02 
  2579   1252399656.1960    0     -0.02 
  2580   1252399661.8760    0     -0.02 
  2581   1252399667.6560    0     -0.02 
  2582   1252399673.3600    0     -0.02 
  2583   1252399679.1240    0     -0.02 
  2584   1252399684.8160    0     -0.02 
  2585   1252399690.4920    0     -0.02 
  2586   1252399696.1880    0     -0.02 
  2587   1252399701.8720    0     -0.02 
  2588   1252399707.4520    0     -0.02 
  2589   1252399713.1000    0     -0.02 
  2590   1252399718.7560    0     -0.02 
  2591   1252399724.4800    0     -0.02 
  2592   1252399730.1320    0     -0.02 
  2593   1252399735.8240    0     -0.02 
  2594   1252399741.5040    0     -0.02 
  2595   1252399747.1320    0     -0.02 
  2596   1252399752.7800    0     -0.02 
  2597   1252399758.5160    0     -0.02 
  2598   1252399764.2760    0     -0.02 
  2599   1252399769.9480    0     -0.02 
  2600   1252399775.6680    0     -0.02 
  2601   1252399781.3480    0     -0.02 
  2602   1252399786.9080    0     -0.02 
  2603   1252399792.6160    0     -0.02 
  2604   1252399798.3320    0     -0.02 
  2605   1252399804.0480    0     0.00 
  2606   1252399809.6600    0     0.00 
  2607   1252399815.3640    0     0.00 
  2608   1252399821.0000    0     0.00 
  2609   1252399826.6200    0     0.00 
  2610   1252399832.3400    0     0.00 
  2611   1252399838.0160    0     0.00 
  2612   1252399843.5880    0     0.00 
  2613   1252399849.3160    0     0.00 
  2614   1252399855.0440    0     0.00 
  2615   1252399860.7720    0     0.00 
  2616   1252399866.4680    0     0.00 
  2617   1252399872.0840    0     0.00 
  2618   1252399877.7480    0     0.00 
  2619   1252399883.4520    0     0.00 
  2620   1252399889.1520    0     0.00 
  2621   1252399894.8120    0     0.00 
  2622   1252399900.4880    0     0.00 
  2623   1252399906.0400    0     0.00 
  2624   1252399911.7600    0     0.00 
  2625   1252399917.3640    0     0.00 
  2626   1252399923.0040    0     0.00 
  2627   1252399928.6880    0     0.00 
  2628   1252399934.3480    0     0.00 
  2629   1252399939.9760    0     0.00 
  2630   1252399945.7440    0     0.00 
  2631   1252399951.3480    0     0.00 
  2632   1252399957.0160    0     0.00 
  2633   1252399962.5720    0     0.00 
  2634   1252399968.2520    0     0.00 
  2635   1252399973.9720    0     0.00 
  2636   1252399979.6320    0     0.00 
  2637   1252399985.3040    0     0.00 
  2638   1252399990.9960    0     0.00 
  2639   1252399996.6760    0     0.00 
  2640   1252400002.3840    0     0.00 
  2641   1252400008.0960    0     0.00 
  2642   1252400013.8160    0     0.00 
  2643   1252400019.4880    0     0.00 
  2644   1252400025.1720    0     0.00 
  2645   1252400030.9360    0     0.00 
  2646   1252400036.5960    0     0.00 
  2647   1252400042.2600    0     0.00 
  2648   1252400047.9600    0     0.00 
  2649   1252400053.7000    0     0.00 
  2650   1252400059.4240    0     0.00 
  2651   1252400065.0520    0     0.00 
  2652   1252400070.8040    0     0.00 
  2653   1252400076.5480    0     0.00 
  2654   1252400082.2120    0     0.00 
  2655   1252400087.9400    0     0.00 
  2656   1252400093.6280    0     0.00 
  2657   1252400099.3240    0     0.00 
  2658   1252400104.9840    0     0.00 
  2659   1252400110.6840    0     0.00 
  2660   1252400116.4200    0     0.00 
  2661   1252400122.0720    0     0.00 
  2662   1252400127.7800    0     0.00 
  2663   1252400133.5680    0     0.00 
  2664   1252400139.2360    0     0.00 
  2665   1252400144.8920    0     0.00 
  2666   1252400150.5480    0     0.00 
  2667   1252400156.1640    0     0.00 
  2668   1252400161.8480    0     0.00 
  2669   1252400167.5840    0     0.00 
  2670   1252400173.2440    0     0.00 
  2671   1252400178.8600    0     0.00 
  2672   1252400184.5800    0     0.00 
  2673   1252400190.2120    0     0.00 
  2674   1252400195.9040    0     0.00 
  2675   1252400201.5960    0     0.00 
  2676   1252400207.3160    0     0.00 
  2677   1252400212.9600    0     0.00 
  2678   1252400218.6200    0     0.00 
  2679   1252400224.3360    0     0.00 
  2680   1252400230.0120    0     0.00 
  2681   1252400235.6960    0     0.00 
  2682   1252400241.2520    0     0.00 
  2683   1252400246.9440    0     0.00 
  2684   1252400252.6400    0     0.00 
  2685   1252400258.2880    0     0.00 
  2686   1252400264.0160    0     0.00 
  2687   1252400269.6760    0     0.00 
  2688   1252400275.3440    0     0.00 
  2689   1252400281.1000    0     0.00 
  2690   1252400286.8080    0     0.00 
  2691   1252400292.4600    0     0.00 
  2692   1252400298.1400    0     0.00 
  2693   1252400303.8200    0     0.00 
  2694   1252400309.3920    0     0.00 
  2695   1252400315.1480    0     0.00 
  2696   1252400320.8640    0     0.00 
  2697   1252400326.5680    0     0.00 
  2698   1252400332.2680    0     0.00 
  2699   1252400337.9480    0     0.00 
  2700   1252400343.6080    0     0.00 
  2701   1252400349.3240    0     0.00 
  2702   1252400355.0640    0     0.00 
  2703   1252400360.8160    0     0.00 
  2704   1252400366.5240    0     0.00 
  2705   1252400372.3360    0     0.00 
  2706   1252400377.9440    0     0.00 
  2707   1252400383.7560    0     0.00 
  2708   1252400389.4280    0     0.00 
  2709   1252400395.1480    0     0.00 
  2710   1252400400.9320    0     0.03 
  2711   1252400406.5760    0     0.03 
  2712   1252400412.3320    0     0.03 
  2713   1252400418.0720    0     0.03 
  2714   1252400423.7960    0     0.03 
  2715   1252400429.3920    0     0.03 
  2716   1252400435.1360    0     0.03 
  2717   1252400440.9560    0     0.03 
  2718   1252400446.6640    0     0.03 
  2719   1252400452.2760    0     0.03 
  2720   1252400457.9680    0     0.03 
  2721   1252400463.6800    0     0.03 
  2722   1252400469.4240    0     0.03 
  2723   1252400475.1320    0     0.03 
  2724   1252400480.7600    0     0.03 
  2725   1252400486.3680    0     0.03 
  2726   1252400492.1080    0     0.03 
  2727   1252400497.7040    0     0.03 
  2728   1252400503.3720    0     0.03 
  2729   1252400509.0160    0     0.03 
  2730   1252400514.6880    0     0.03 
  2731   1252400520.4000    0     0.03 
  2732   1252400526.1640    0     0.03 
  2733   1252400531.8800    0     0.03 
  2734   1252400537.5000    0     0.03 
  2735   1252400543.2320    0     0.03 
  2736   1252400549.0920    0     0.03 
  2737   1252400554.8320    0     0.03 
  2738   1252400560.5880    0     0.03 
  2739   1252400566.2520    0     0.03 
  2740   1252400571.9600    0     0.03 
  2741   1252400577.7440    0     0.03 
  2742   1252400583.3800    0     0.03 
  2743   1252400589.0960    0     0.03 
  2744   1252400594.8240    0     0.03 
  2745   1252400600.5240    0     0.03 
  2746   1252400606.2200    0     0.03 
  2747   1252400611.9400    0     0.03 
  2748   1252400617.6760    0     0.03 
  2749   1252400623.3920    0     0.03 
  2750   1252400629.0880    0     0.03 
  2751   1252400634.8320    0     0.03 
  2752   1252400640.4920    0     0.03 
  2753   1252400646.2160    0     0.03 
  2754   1252400651.8520    0     0.03 
  2755   1252400657.6280    0     0.03 
  2756   1252400663.3760    0     0.03 
  2757   1252400669.0680    0     0.03 
  2758   1252400674.7320    0     0.03 
  2759   1252400680.4560    0     0.03 
  2760   1252400686.1680    0     0.03 
  2761   1252400691.8840    0     0.03 
  2762   1252400697.5320    0     0.03 
  2763   1252400703.2120    0     0.03 
  2764   1252400708.8560    0     0.03 
  2765   1252400714.5480    0     0.03 
  2766   1252400720.2120    0     0.03 
  2767   1252400725.9200    0     0.03 
  2768   1252400731.7120    0     0.03 
  2769   1252400737.3120    0     0.03 
  2770   1252400743.0120    0     0.03 
  2771   1252400748.7360    0     0.03 
  2772   1252400754.3200    0     0.03 
  2773   1252400760.0080    0     0.03 
  2774   1252400765.6480    0     0.03 
  2775   1252400771.2720    0     0.03 
  2776   1252400776.9720    0     0.03 
  2777   1252400782.6320    0     0.03 
  2778   1252400788.2680    0     0.03 
  2779   1252400794.0040    0     0.03 
  2780   1252400799.6680    0     0.03 
  2781   1252400805.2880    0     0.03 
  2782   1252400811.0160    0     0.03 
  2783   1252400816.6920    0     0.03 
  2784   1252400822.3920    0     0.03 
  2785   1252400828.1360    0     0.03 
  2786   1252400833.7920    0     0.03 
  2787   1252400839.5000    0     0.03 
  2788   1252400845.2160    0     0.03 
  2789   1252400850.8520    0     0.03 
  2790   1252400856.5160    0     0.03 
  2791   1252400862.1800    0     0.03 
  2792   1252400867.8080    0     0.03 
  2793   1252400873.4920    0     0.03 
  2794   1252400879.1800    0     0.03 
  2795   1252400884.8480    0     0.03 
  2796   1252400890.5760    0     0.03 
  2797   1252400896.2720    0     0.03 
  2798   1252400901.9120    0     0.03 
  2799   1252400907.5440    0     0.03 
  2800   1252400913.1840    0     0.03 
  2801   1252400918.8640    0     0.03 
  2802   1252400924.4800    0     0.03 
  2803   1252400930.2040    0     0.03 
  2804   1252400935.7840    0     0.03 
  2805   1252400941.4600    0     0.03 
  2806   1252400947.1920    0     0.03 
  2807   1252400952.8960    0     0.03 
  2808   1252400958.5280    0     0.03 
  2809   1252400964.1640    0     0.03 
  2810   1252400969.8080    0     0.03 
  2811   1252400975.4840    0     0.03 
  2812   1252400981.2120    0     0.03 
  2813   1252400986.8080    0     0.03 
  2814   1252400992.4480    0     0.03 
  2815   1252400998.1200    0     0.03 
  2816   1252401003.7520    0     0.04 
  2817   1252401009.4280    0     0.04 
  2818   1252401015.1680    0     0.04 
  2819   1252401020.8240    0     0.04 
  2820   1252401026.4560    0     0.04 
  2821   1252401032.1480    0     0.04 
  2822   1252401037.8160    0     0.04 
  2823   1252401043.4960    0     0.04 
  2824   1252401049.0800    0     0.04 
  2825   1252401054.7720    0     0.04 
  2826   1252401060.4440    0     0.04 
  2827   1252401066.1600    0     0.04 
  2828   1252401071.7960    0     0.04 
  2829   1252401077.3840    0     0.04 
  2830   1252401083.0440    0     0.04 
  2831   1252401088.7040    0     0.04 
  2832   1252401094.3320    0     0.04 
  2833   1252401100.0240    0     0.04 
  2834   1252401105.6360    0     0.04 
  2835   1252401111.3160    0     0.04 
  2836   1252401117.0040    0     0.04 
  2837   1252401122.5880    0     0.04 
  2838   1252401128.2880    0     0.04 
  2839   1252401134.0040    0     0.04 
  2840   1252401139.6120    0     0.04 
  2841   1252401145.3000    0     0.04 
  2842   1252401150.9320    0     0.04 
  2843   1252401156.6360    0     0.04 
  2844   1252401162.3600    0     0.04 
  2845   1252401167.9760    0     0.04 
  2846   1252401173.6160    0     0.04 
  2847   1252401179.2840    0     0.04 
  2848   1252401184.8240    0     0.04 
  2849   1252401190.5240    0     0.04 
  2850   1252401196.1920    0     0.04 
  2851   1252401201.8280    0     0.04 
  2852   1252401207.5560    0     0.04 
  2853   1252401213.1200    0     0.04 
  2854   1252401218.7120    0     0.04 
  2855   1252401224.3480    0     0.04 
  2856   1252401230.0680    0     0.04 
  2857   1252401235.7720    0     0.04 
  2858   1252401241.3920    0     0.04 
  2859   1252401247.0720    0     0.04 
  2860   1252401252.6600    0     0.04 
  2861   1252401258.2960    0     0.04 
  2862   1252401264.0000    0     0.04 
  2863   1252401269.6080    0     0.04 
  2864   1252401275.2520    0     0.04 
  2865   1252401280.9080    0     0.04 
  2866   1252401286.5120    0     0.04 
  2867   1252401292.2480    0     0.04 
  2868   1252401297.8560    0     0.04 
  2869   1252401303.4960    0     0.04 
  2870   1252401309.1160    0     0.04 
  2871   1252401314.8200    0     0.04 
  2872   1252401320.4560    0     0.04 
  2873   1252401326.0960    0     0.04 
  2874   1252401331.6760    0     0.04 
  2875   1252401337.3040    0     0.04 
  2876   1252401343.0080    0     0.04 
  2877   1252401348.7000    0     0.04 
  2878   1252401354.4200    0     0.04 
  2879   1252401360.1200    0     0.04 
  2880   1252401365.7040    0     0.04 
  2881   1252401371.3120    0     0.04 
  2882   1252401377.0160    0     0.04 
  2883   1252401382.6440    0     0.04 
  2884   1252401388.2880    0     0.04 
  2885   1252401394.0200    0     0.04 
  2886   1252401399.6600    0     0.04 
  2887   1252401405.3760    0     0.04 
  2888   1252401410.9560    0     0.04 
  2889   1252401416.5960    0     0.04 
  2890   1252401422.2400    0     0.04 
  2891   1252401427.8080    0     0.04 
  2892   1252401433.4840    0     0.04 
  2893   1252401439.1800    0     0.04 
  2894   1252401444.8000    0     0.04 
  2895   1252401450.4840    0     0.04 
  2896   1252401456.1120    0     0.04 
  2897   1252401461.6560    0     0.04 
  2898   1252401467.2800    0     0.04 
  2899   1252401472.9320    0     0.04 
  2900   1252401478.6160    0     0.04 
  2901   1252401484.2440    0     0.04 
  2902   1252401489.8560    0     0.04 
  2903   1252401495.5360    0     0.04 
  2904   1252401501.2160    0     0.04 
  2905   1252401506.8560    0     0.04 
  2906   1252401512.4920    0     0.04 
  2907   1252401518.0960    0     0.04 
  2908   1252401523.7200    0     0.04 
  2909   1252401529.3240    0     0.04 
  2910   1252401535.1120    0     0.04 
  2911   1252401540.7960    0     0.04 
  2912   1252401546.3840    0     0.04 
  2913   1252401551.9960    0     0.04 
  2914   1252401557.6400    0     0.04 
  2915   1252401563.1600    0     0.04 
  2916   1252401568.8160    0     0.04 
  2917   1252401574.4160    0     0.04 
  2918   1252401580.0720    0     0.04 
  2919   1252401585.7240    0     0.04 
  2920   1252401591.3480    0     0.04 
  2921   1252401596.9680    0     0.04 
  2922   1252401602.5440    0     0.01 
  2923   1252401608.0880    0     0.01 
  2924   1252401613.7400    0     0.01 
  2925   1252401619.3800    0     0.01 
  2926   1252401625.0400    0     0.01 
  2927   1252401630.6520    0     0.01 
  2928   1252401636.2480    0     0.01 
  2929   1252401641.8640    0     0.01 
  2930   1252401647.5520    0     0.01 
  2931   1252401653.1080    0     0.01 
  2932   1252401658.7200    0     0.01 
  2933   1252401664.3120    0     0.01 
  2934   1252401669.9520    0     0.01 
  2935   1252401675.6440    0     0.01 
  2936   1252401681.2840    0     0.01 
  2937   1252401686.9160    0     0.01 
  2938   1252401692.6000    0     0.01 
  2939   1252401698.2520    0     0.01 
  2940   1252401703.9080    0     0.01 
  2941   1252401709.5280    0     0.01 
  2942   1252401715.1760    0     0.01 
  2943   1252401720.8480    0     0.01 
  2944   1252401726.4480    0     0.01 
  2945   1252401732.1360    0     0.01 
  2946   1252401737.7720    0     0.01 
  2947   1252401743.4200    0     0.01 
  2948   1252401749.0640    0     0.01 
  2949   1252401754.6760    0     0.01 
  2950   1252401760.4520    0     0.01 
  2951   1252401766.1480    0     0.01 
  2952   1252401771.7640    0     0.01 
  2953   1252401777.5120    0     0.01 
  2954   1252401783.1840    0     0.01 
  2955   1252401788.7880    0     0.01 
  2956   1252401794.4920    0     0.01 
  2957   1252401800.0600    0     0.01 
  2958   1252401805.6760    0     0.01 
  2959   1252401811.3520    0     0.01 
  2960   1252401816.9560    0     0.01 
  2961   1252401822.6680    0     0.01 
  2962   1252401828.3800    0     0.01 
  2963   1252401834.0280    0     0.01 
  2964   1252401839.6920    0     0.01 
  2965   1252401845.3040    0     0.01 
  2966   1252401850.9360    0     0.01 
  2967   1252401856.5800    0     0.01 
  2968   1252401862.2480    0     0.01 
  2969   1252401867.9200    0     0.01 
  2970   1252401873.4600    0     0.01 
  2971   1252401879.1160    0     0.01 
  2972   1252401884.7800    0     0.01 
  2973   1252401890.4120    0     0.01 
  2974   1252401896.0880    0     0.01 
  2975   1252401901.6920    0     0.01 
  2976   1252401907.3040    0     0.01 
  2977   1252401912.9920    0     0.01 
  2978   1252401918.6760    0     0.01 
  2979   1252401924.3280    0     0.01 
  2980   1252401929.9440    0     0.01 
  2981   1252401935.5520    0     0.01 
  2982   1252401941.1200    0     0.01 
  2983   1252401946.7560    0     0.01 
  2984   1252401952.4000    0     0.01 
  2985   1252401957.9840    0     0.01 
  2986   1252401963.6360    0     0.01 
  2987   1252401969.3040    0     0.01 
  2988   1252401974.8960    0     0.01 
  2989   1252401980.5440    0     0.01 
  2990   1252401986.0560    0     0.01 
  2991   1252401991.6360    0     0.01 
  2992   1252401997.2560    0     0.01 
  2993   1252402002.8800    0     0.01 
  2994   1252402008.5400    0     0.01 
  2995   1252402014.1240    0     0.01 
  2996   1252402019.7600    0     0.01 
  2997   1252402025.4320    0     0.01 
  2998   1252402031.1240    0     0.01 
  2999   1252402036.7480    0     0.01 
  3000   1252402042.3720    0     0.01 
  3001   1252402047.9800    0     0.01 
  3002   1252402053.6480    0     0.01 
  3003   1252402059.3160    0     0.01 
  3004   1252402064.9360    0     0.01 
  3005   1252402070.5440    0     0.01 
  3006   1252402076.1640    0     0.01 
  3007   1252402081.8360    0     0.01 
  3008   1252402087.4400    0     0.01 
  3009   1252402093.0920    0     0.01 
  3010   1252402098.6720    0     0.01 
  3011   1252402104.3280    0     0.01 
  3012   1252402109.9040    0     0.01 
  3013   1252402115.5440    0     0.01 
  3014   1252402121.1320    0     0.01 
  3015   1252402126.7680    0     0.01 
  3016   1252402132.4520    0     0.01 
  3017   1252402137.9880    0     0.01 
  3018   1252402143.5800    0     0.01 
  3019   1252402149.1920    0     0.01 
  3020   1252402154.8160    0     0.01 
  3021   1252402160.5160    0     0.01 
  3022   1252402166.1960    0     0.01 
  3023   1252402171.7720    0     0.01 
  3024   1252402177.3080    0     0.01 
  3025   1252402182.9040    0     0.01 
  3026   1252402188.5680    0     0.01 
  3027   1252402194.1760    0     0.01 
  3028   1252402199.8160    0     0.00 
  3029   1252402205.4800    0     0.00 
  3030   1252402211.1080    0     0.00 
  3031   1252402216.8240    0     0.00 
  3032   1252402222.3880    0     0.00 
  3033   1252402227.9960    0     0.00 
  3034   1252402233.6520    0     0.00 
  3035   1252402239.3440    0     0.00 
  3036   1252402244.9840    0     0.00 
  3037   1252402250.6680    0     0.00 
  3038   1252402256.3120    0     0.00 
  3039   1252402261.9480    0     0.00 
  3040   1252402267.5840    0     0.00 
  3041   1252402273.2800    0     0.00 
  3042   1252402278.9040    0     0.00 
  3043   1252402284.5200    0     0.00 
  3044   1252402290.1880    0     0.00 
  3045   1252402295.8120    0     0.00 
  3046   1252402301.4800    0     0.00 
  3047   1252402307.0880    0     0.00 
  3048   1252402312.7240    0     0.00 
  3049   1252402318.3040    0     0.00 
  3050   1252402323.9680    0     0.00 
  3051   1252402329.5960    0     0.00 
  3052   1252402335.2040    0     0.00 
  3053   1252402340.8320    0     0.00 
  3054   1252402346.3840    0     0.00 
  3055   1252402352.1040    0     0.00 
  3056   1252402357.7160    0     0.00 
  3057   1252402363.3600    0     0.00 
  3058   1252402369.0200    0     0.00 
  3059   1252402374.6440    0     0.00 
  3060   1252402380.3160    0     0.00 
  3061   1252402385.9240    0     0.00 
  3062   1252402391.5280    0     0.00 
  3063   1252402397.1720    0     0.00 
  3064   1252402402.8400    0     0.00 
  3065   1252402408.5320    0     0.00 
  3066   1252402414.1360    0     0.00 
  3067   1252402419.7560    0     0.00 
  3068   1252402425.4000    0     0.00 
  3069   1252402430.9960    0     0.00 
  3070   1252402436.6200    0     0.00 
  3071   1252402442.2680    0     0.00 
  3072   1252402447.8480    0     0.00 
  3073   1252402453.3840    0     0.00 
  3074   1252402458.9680    0     0.00 
  3075   1252402464.5880    0     0.00 
  3076   1252402470.1920    0     0.00 
  3077   1252402475.8720    0     0.00 
  3078   1252402481.4560    0     0.00 
  3079   1252402487.0640    0     0.00 
  3080   1252402492.5800    0     0.00 
  3081   1252402498.1640    0     0.00 
  3082   1252402503.8400    0     0.00 
  3083   1252402509.4200    0     0.00 
  3084   1252402515.0960    0     0.00 
  3085   1252402520.6760    0     0.00 
  3086   1252402526.2000    0     0.00 
  3087   1252402531.8680    0     0.00 
  3088   1252402537.3840    0     0.00 
  3089   1252402542.9880    0     0.00 
  3090   1252402548.5280    0     0.00 
  3091   1252402554.1480    0     0.00 
  3092   1252402559.7960    0     0.00 
  3093   1252402565.3640    0     0.00 
  3094   1252402571.0120    0     0.00 
  3095   1252402576.5960    0     0.00 
  3096   1252402582.1760    0     0.00 
  3097   1252402587.7080    0     0.00 
  3098   1252402593.2560    0     0.00 
  3099   1252402598.8080    0     0.00 
  3100   1252402604.3720    0     0.00 
  3101   1252402609.8840    0     0.00 
  3102   1252402615.5200    0     0.00 
  3103   1252402621.0640    0     0.00 
  3104   1252402626.6400    0     0.00 
  3105   1252402632.1720    0     0.00 
  3106   1252402637.7880    0     0.00 
  3107   1252402643.3320    0     0.00 
  3108   1252402648.8880    0     0.00 
  3109   1252402654.4360    0     0.00 
  3110   1252402660.0080    0     0.00 
  3111   1252402665.5760    0     0.00 
  3112   1252402671.1000    0     0.00 
  3113   1252402676.6280    0     0.00 
  3114   1252402682.2000    0     0.00 
  3115   1252402687.7960    0     0.00 
  3116   1252402693.3000    0     0.00 
  3117   1252402698.8360    0     0.00 
  3118   1252402704.4080    0     0.00 
  3119   1252402710.0040    0     0.00 
  3120   1252402715.4960    0     0.00 
  3121   1252402721.0320    0     0.00 
  3122   1252402726.6080    0     0.00 
  3123   1252402732.2000    0     0.00 
  3124   1252402737.6560    0     0.00 
  3125   1252402743.2280    0     0.00 
  3126   1252402748.7560    0     0.00 
  3127   1252402754.3840    0     0.00 
  3128   1252402759.9520    0     0.00 
  3129   1252402765.4480    0     0.00 
  3130   1252402770.9800    0     0.00 
  3131   1252402776.5080    0     0.00 
  3132   1252402782.0040    0     0.00 
  3133   1252402787.5840    0     0.00 
  3134   1252402793.0800    0     0.00 
  3135   1252402798.6240    0     0.00 
  3136   1252402804.1720    0     -0.04 
  3137   1252402809.7280    0     -0.04 
  3138   1252402815.1440    0     -0.04 
  3139   1252402820.6000    0     -0.04 
  3140   1252402826.1760    0     -0.04 
  3141   1252402831.7400    0     -0.04 
  3142   1252402837.2440    0     -0.04 
  3143   1252402842.6920    0     -0.04 
  3144   1252402848.2000    0     -0.04 
  3145   1252402853.6960    0     -0.04 
  3146   1252402859.2000    0     -0.04 
  3147   1252402864.7520    0     -0.04 
  3148   1252402870.2680    0     -0.04 
  3149   1252402875.8480    0     -0.04 
  3150   1252402881.4000    0     -0.04 
