# UltraTide data for line 2973F1040/nrt
#Shot    Time               status  ultraTide 
#Name: ACO.ULTRATIDE1
  3320   1252417579.3880    0     -0.02 
  3319   1252417585.1680    0     -0.02 
  3318   1252417590.8280    0     -0.02 
  3317   1252417596.4800    0     -0.02 
  3316   1252417602.2280    0     -0.02 
  3315   1252417608.0200    0     -0.02 
  3314   1252417613.8440    0     -0.02 
  3313   1252417619.6520    0     -0.02 
  3312   1252417625.2280    0     -0.02 
  3311   1252417631.2400    0     -0.02 
  3310   1252417636.7120    0     -0.02 
  3309   1252417642.7920    0     -0.02 
  3308   1252417648.2640    0     -0.02 
  3307   1252417654.2800    0     -0.02 
  3306   1252417659.9440    0     -0.02 
  3305   1252417665.8400    0     -0.02 
  3304   1252417671.5440    0     -0.02 
  3303   1252417677.2880    0     -0.02 
  3302   1252417682.9960    0     -0.02 
  3301   1252417688.7440    0     -0.02 
  3300   1252417694.3120    0     -0.02 
  3299   1252417700.2360    0     -0.02 
  3298   1252417705.9480    0     -0.02 
  3297   1252417711.6160    0     -0.02 
  3296   1252417717.4320    0     -0.02 
  3295   1252417723.0800    0     -0.02 
  3294   1252417728.8880    0     -0.02 
  3293   1252417734.5600    0     -0.02 
  3292   1252417740.3200    0     -0.02 
  3291   1252417746.0840    0     -0.02 
  3290   1252417751.7840    0     -0.02 
  3289   1252417757.5760    0     -0.02 
  3288   1252417763.2680    0     -0.02 
  3287   1252417769.0080    0     -0.02 
  3286   1252417774.7880    0     -0.02 
  3285   1252417780.5520    0     -0.02 
  3284   1252417786.3200    0     -0.02 
  3283   1252417792.1200    0     -0.02 
  3282   1252417797.8160    0     -0.02 
  3281   1252417803.6920    0     -0.01 
  3280   1252417809.3760    0     -0.01 
  3279   1252417815.2800    0     -0.01 
  3278   1252417820.8760    0     -0.01 
  3277   1252417826.7800    0     -0.01 
  3276   1252417832.3760    0     -0.01 
  3275   1252417838.2360    0     -0.01 
  3274   1252417843.9760    0     -0.01 
  3273   1252417849.8360    0     -0.01 
  3272   1252417855.6160    0     -0.01 
  3271   1252417861.1920    0     -0.01 
  3270   1252417867.0120    0     -0.01 
  3269   1252417872.7520    0     -0.01 
  3268   1252417878.4600    0     -0.01 
  3267   1252417884.2960    0     -0.01 
  3266   1252417890.0200    0     -0.01 
  3265   1252417895.9280    0     -0.01 
  3264   1252417901.6160    0     -0.01 
  3263   1252417907.4640    0     -0.01 
  3262   1252417913.3480    0     -0.01 
  3261   1252417919.1440    0     -0.01 
  3260   1252417924.9200    0     -0.01 
  3259   1252417930.7040    0     -0.01 
  3258   1252417936.7040    0     -0.01 
  3257   1252417942.5000    0     -0.01 
  3256   1252417948.3040    0     -0.01 
  3255   1252417954.1200    0     -0.01 
  3254   1252417959.9080    0     -0.01 
  3253   1252417965.8560    0     -0.01 
  3252   1252417971.5680    0     -0.01 
  3251   1252417977.4200    0     -0.01 
  3250   1252417983.1960    0     -0.01 
  3249   1252417989.0880    0     -0.01 
  3248   1252417994.9760    0     -0.01 
  3247   1252418000.8520    0     -0.01 
  3246   1252418006.6960    0     -0.01 
  3245   1252418012.5200    0     -0.01 
  3244   1252418018.2360    0     -0.01 
  3243   1252418024.1520    0     -0.01 
  3242   1252418029.9120    0     -0.01 
  3241   1252418035.8000    0     -0.01 
  3240   1252418041.4280    0     -0.01 
  3239   1252418047.3920    0     -0.01 
  3238   1252418053.0240    0     -0.01 
  3237   1252418058.8160    0     -0.01 
  3236   1252418064.5320    0     -0.01 
  3235   1252418070.2200    0     -0.01 
  3234   1252418076.0680    0     -0.01 
  3233   1252418081.7360    0     -0.01 
  3232   1252418087.5160    0     -0.01 
  3231   1252418093.2840    0     -0.01 
  3230   1252418098.9600    0     -0.01 
  3229   1252418104.8200    0     -0.01 
  3228   1252418110.5120    0     -0.01 
  3227   1252418116.4160    0     -0.01 
  3226   1252418122.0360    0     -0.01 
  3225   1252418127.8200    0     -0.01 
  3224   1252418133.6160    0     -0.01 
  3223   1252418139.4080    0     -0.01 
  3222   1252418145.1480    0     -0.01 
  3221   1252418150.8720    0     -0.01 
  3220   1252418156.7640    0     -0.01 
  3219   1252418162.3680    0     -0.01 
  3218   1252418168.2800    0     -0.01 
  3217   1252418174.0080    0     -0.01 
  3216   1252418179.8200    0     -0.01 
  3215   1252418185.6040    0     -0.01 
  3214   1252418191.3840    0     -0.01 
  3213   1252418197.2240    0     -0.01 
  3212   1252418202.9080    0     -0.01 
  3211   1252418208.7760    0     -0.01 
  3210   1252418214.5560    0     -0.01 
  3209   1252418220.4040    0     -0.01 
  3208   1252418226.0400    0     -0.01 
  3207   1252418231.9640    0     -0.01 
  3206   1252418237.5320    0     -0.01 
  3205   1252418243.5520    0     -0.01 
  3204   1252418249.3360    0     -0.01 
  3203   1252418255.0680    0     -0.01 
  3202   1252418260.9800    0     -0.01 
  3201   1252418266.6720    0     -0.01 
  3200   1252418272.6080    0     -0.01 
  3199   1252418278.2280    0     -0.01 
  3198   1252418284.2240    0     -0.01 
  3197   1252418289.8960    0     -0.01 
  3196   1252418295.9440    0     -0.01 
  3195   1252418301.6480    0     -0.01 
  3194   1252418307.5040    0     -0.01 
  3193   1252418313.3400    0     -0.01 
  3192   1252418319.0600    0     -0.01 
  3191   1252418324.9520    0     -0.01 
  3190   1252418330.7480    0     -0.01 
  3189   1252418336.6440    0     -0.01 
  3188   1252418342.4800    0     -0.01 
  3187   1252418348.2480    0     -0.01 
  3186   1252418354.2760    0     -0.01 
  3185   1252418359.8880    0     -0.01 
  3184   1252418365.8200    0     -0.01 
  3183   1252418371.5080    0     -0.01 
  3182   1252418377.3120    0     -0.01 
  3181   1252418383.1680    0     -0.01 
  3180   1252418388.9080    0     -0.01 
  3179   1252418394.7480    0     -0.01 
  3178   1252418400.4280    0     0.01 
  3177   1252418406.1760    0     0.01 
  3176   1252418411.8600    0     0.01 
  3175   1252418417.7120    0     0.01 
  3174   1252418423.5400    0     0.01 
  3173   1252418429.2680    0     0.01 
  3172   1252418435.1360    0     0.01 
  3171   1252418440.8200    0     0.01 
  3170   1252418446.5960    0     0.01 
  3169   1252418452.2080    0     0.01 
  3168   1252418458.0240    0     0.01 
  3167   1252418463.8080    0     0.01 
  3166   1252418469.5800    0     0.01 
  3165   1252418475.2920    0     0.01 
  3164   1252418480.9520    0     0.01 
  3163   1252418486.6560    0     0.01 
  3162   1252418492.2920    0     0.01 
  3161   1252418498.0000    0     0.01 
  3160   1252418503.6560    0     0.01 
  3159   1252418509.3840    0     0.01 
  3158   1252418515.1800    0     0.01 
  3157   1252418520.8320    0     0.01 
  3156   1252418526.5400    0     0.01 
  3155   1252418532.1160    0     0.01 
  3154   1252418538.0880    0     0.01 
  3153   1252418543.6800    0     0.01 
  3152   1252418549.6200    0     0.01 
  3151   1252418555.2240    0     0.01 
  3150   1252418560.9880    0     0.01 
  3149   1252418566.6480    0     0.01 
  3148   1252418572.3920    0     0.01 
  3147   1252418578.0720    0     0.01 
  3146   1252418583.7760    0     0.01 
  3145   1252418589.4280    0     0.01 
  3144   1252418595.1960    0     0.01 
  3143   1252418600.8920    0     0.01 
  3142   1252418606.4880    0     0.01 
  3141   1252418612.1680    0     0.01 
  3140   1252418617.8640    0     0.01 
  3139   1252418623.4880    0     0.01 
  3138   1252418629.2720    0     0.01 
  3137   1252418634.9560    0     0.01 
  3136   1252418640.8200    0     0.01 
  3135   1252418646.6520    0     0.01 
  3134   1252418652.2760    0     0.01 
  3133   1252418658.2280    0     0.01 
  3132   1252418663.7440    0     0.01 
  3131   1252418669.6000    0     0.01 
  3130   1252418675.2880    0     0.01 
  3129   1252418681.0840    0     0.01 
  3128   1252418686.7400    0     0.01 
  3127   1252418692.4960    0     0.01 
  3126   1252418698.1560    0     0.01 
  3125   1252418703.8040    0     0.01 
  3124   1252418709.4680    0     0.01 
  3123   1252418715.1080    0     0.01 
  3122   1252418720.7520    0     0.01 
  3121   1252418726.3720    0     0.01 
  3120   1252418732.0520    0     0.01 
  3119   1252418737.6600    0     0.01 
  3118   1252418743.3000    0     0.01 
  3117   1252418749.0600    0     0.01 
  3116   1252418754.7120    0     0.01 
  3115   1252418760.3760    0     0.01 
  3114   1252418766.0440    0     0.01 
  3113   1252418771.6760    0     0.01 
  3112   1252418777.4600    0     0.01 
  3111   1252418782.8880    0     0.01 
  3110   1252418788.6480    0     0.01 
  3109   1252418794.1880    0     0.01 
  3108   1252418799.9760    0     0.01 
  3107   1252418805.6640    0     0.01 
  3106   1252418811.2160    0     0.01 
  3105   1252418816.9920    0     0.01 
  3104   1252418822.4240    0     0.01 
  3103   1252418828.2520    0     0.01 
  3102   1252418833.8640    0     0.01 
  3101   1252418839.6760    0     0.01 
  3100   1252418845.2640    0     0.01 
  3099   1252418851.0280    0     0.01 
  3098   1252418856.7480    0     0.01 
  3097   1252418862.4240    0     0.01 
  3096   1252418868.2920    0     0.01 
  3095   1252418873.8240    0     0.01 
  3094   1252418879.7840    0     0.01 
  3093   1252418885.2200    0     0.01 
  3092   1252418891.1040    0     0.01 
  3091   1252418896.7520    0     0.01 
  3090   1252418902.4880    0     0.01 
  3089   1252418908.2960    0     0.01 
  3088   1252418913.8360    0     0.01 
  3087   1252418919.6840    0     0.01 
  3086   1252418925.3960    0     0.01 
  3085   1252418931.1080    0     0.01 
  3084   1252418936.7760    0     0.01 
  3083   1252418942.5520    0     0.01 
  3082   1252418948.2200    0     0.01 
  3081   1252418953.9400    0     0.01 
  3080   1252418959.6480    0     0.01 
  3079   1252418965.3640    0     0.01 
  3078   1252418971.0840    0     0.01 
  3077   1252418976.7520    0     0.01 
  3076   1252418982.3840    0     0.01 
  3075   1252418988.0880    0     0.01 
  3074   1252418993.8040    0     0.01 
  3073   1252418999.4000    0     0.02 
  3072   1252419005.2320    0     0.04 
  3071   1252419010.9200    0     0.04 
  3070   1252419016.6600    0     0.04 
  3069   1252419022.3120    0     0.04 
  3068   1252419028.1240    0     0.04 
  3067   1252419033.7520    0     0.04 
  3066   1252419039.4640    0     0.04 
  3065   1252419045.1480    0     0.04 
  3064   1252419050.7880    0     0.04 
  3063   1252419056.4640    0     0.04 
  3062   1252419062.2080    0     0.04 
  3061   1252419067.9600    0     0.04 
  3060   1252419073.6280    0     0.04 
  3059   1252419079.3360    0     0.04 
  3058   1252419085.0280    0     0.04 
  3057   1252419090.7560    0     0.04 
  3056   1252419096.3440    0     0.04 
  3055   1252419102.1800    0     0.04 
  3054   1252419107.6760    0     0.04 
  3053   1252419113.3960    0     0.04 
  3052   1252419119.2040    0     0.04 
  3051   1252419124.8360    0     0.04 
  3050   1252419130.6520    0     0.04 
  3049   1252419136.3520    0     0.04 
  3048   1252419141.9840    0     0.04 
  3047   1252419147.6280    0     0.04 
  3046   1252419153.2880    0     0.04 
  3045   1252419158.8560    0     0.04 
  3044   1252419164.6560    0     0.04 
  3043   1252419170.2040    0     0.04 
  3042   1252419176.0240    0     0.04 
  3041   1252419181.7240    0     0.04 
  3040   1252419187.3240    0     0.04 
  3039   1252419193.0160    0     0.04 
  3038   1252419198.6400    0     0.04 
  3037   1252419204.3680    0     0.04 
  3036   1252419210.0520    0     0.04 
  3035   1252419215.5680    0     0.04 
  3034   1252419221.3720    0     0.04 
  3033   1252419226.8520    0     0.04 
  3032   1252419232.7280    0     0.04 
  3031   1252419238.2880    0     0.04 
  3030   1252419244.0520    0     0.04 
  3029   1252419249.6920    0     0.04 
  3028   1252419255.4560    0     0.04 
  3027   1252419261.0600    0     0.04 
  3026   1252419266.7520    0     0.04 
  3025   1252419272.4360    0     0.04 
  3024   1252419278.0200    0     0.04 
  3023   1252419283.6880    0     0.04 
  3022   1252419289.2880    0     0.04 
  3021   1252419294.9840    0     0.04 
  3020   1252419300.5640    0     0.04 
  3019   1252419306.2880    0     0.04 
  3018   1252419311.9040    0     0.04 
  3017   1252419317.6480    0     0.04 
  3016   1252419323.2040    0     0.04 
  3015   1252419328.7280    0     0.04 
  3014   1252419334.6320    0     0.04 
  3013   1252419340.2920    0     0.04 
  3012   1252419346.0240    0     0.04 
  3011   1252419351.6480    0     0.04 
  3010   1252419357.4080    0     0.04 
  3009   1252419363.0360    0     0.04 
  3008   1252419368.7480    0     0.04 
  3007   1252419374.4160    0     0.04 
  3006   1252419380.0760    0     0.04 
  3005   1252419385.8480    0     0.04 
  3004   1252419391.4720    0     0.04 
  3003   1252419397.1720    0     0.04 
  3002   1252419402.9880    0     0.04 
  3001   1252419408.7360    0     0.04 
  3000   1252419414.3600    0     0.04 
  2999   1252419420.0600    0     0.04 
  2998   1252419425.8600    0     0.04 
  2997   1252419431.5600    0     0.04 
  2996   1252419437.3360    0     0.04 
  2995   1252419443.2120    0     0.04 
  2994   1252419448.7640    0     0.04 
  2993   1252419454.5800    0     0.04 
  2992   1252419460.0560    0     0.04 
  2991   1252419465.9360    0     0.04 
  2990   1252419471.7600    0     0.04 
  2989   1252419477.3920    0     0.04 
  2988   1252419483.2400    0     0.04 
  2987   1252419488.9080    0     0.04 
  2986   1252419494.7880    0     0.04 
  2985   1252419500.4760    0     0.04 
  2984   1252419506.1400    0     0.04 
  2983   1252419511.9640    0     0.04 
  2982   1252419517.6480    0     0.04 
  2981   1252419523.4120    0     0.04 
  2980   1252419529.1160    0     0.04 
  2979   1252419534.8960    0     0.04 
  2978   1252419540.6040    0     0.04 
  2977   1252419546.3360    0     0.04 
  2976   1252419551.9840    0     0.04 
  2975   1252419557.5880    0     0.04 
  2974   1252419563.4360    0     0.04 
  2973   1252419568.9960    0     0.04 
  2972   1252419574.8520    0     0.04 
  2971   1252419580.2360    0     0.04 
  2970   1252419586.0040    0     0.04 
  2969   1252419591.5960    0     0.04 
  2968   1252419597.3520    0     0.04 
  2967   1252419603.0680    0     0.06 
  2966   1252419608.5920    0     0.06 
  2965   1252419614.4320    0     0.06 
  2964   1252419619.8960    0     0.06 
  2963   1252419625.6000    0     0.06 
  2962   1252419631.1880    0     0.06 
  2961   1252419636.9120    0     0.06 
  2960   1252419642.6400    0     0.06 
  2959   1252419648.3880    0     0.06 
  2958   1252419654.1400    0     0.06 
  2957   1252419659.8280    0     0.06 
  2956   1252419665.3960    0     0.06 
  2955   1252419671.1400    0     0.06 
  2954   1252419676.7720    0     0.06 
  2953   1252419682.5000    0     0.06 
  2952   1252419688.1120    0     0.06 
  2951   1252419693.7440    0     0.06 
  2950   1252419699.4360    0     0.06 
  2949   1252419705.1520    0     0.06 
  2948   1252419711.0000    0     0.06 
  2947   1252419716.6400    0     0.06 
  2946   1252419722.3840    0     0.06 
  2945   1252419728.0480    0     0.06 
  2944   1252419733.5960    0     0.06 
  2943   1252419739.2560    0     0.06 
  2942   1252419745.1600    0     0.06 
  2941   1252419750.7640    0     0.06 
  2940   1252419756.5520    0     0.06 
  2939   1252419762.1000    0     0.06 
  2938   1252419767.8760    0     0.06 
  2937   1252419773.6240    0     0.06 
  2936   1252419779.1520    0     0.06 
  2935   1252419784.8600    0     0.06 
  2934   1252419790.4440    0     0.06 
  2933   1252419796.1280    0     0.06 
  2932   1252419801.8000    0     0.06 
  2931   1252419807.5360    0     0.06 
  2930   1252419813.2040    0     0.06 
  2929   1252419819.0200    0     0.06 
  2928   1252419824.7800    0     0.06 
  2927   1252419830.3960    0     0.06 
  2926   1252419836.0960    0     0.06 
  2925   1252419841.8360    0     0.06 
  2924   1252419847.5040    0     0.06 
  2923   1252419853.2240    0     0.06 
  2922   1252419858.9160    0     0.06 
  2921   1252419864.4920    0     0.06 
  2920   1252419870.3120    0     0.06 
  2919   1252419875.9920    0     0.06 
  2918   1252419881.8320    0     0.06 
  2917   1252419887.2560    0     0.06 
  2916   1252419893.0960    0     0.06 
  2915   1252419898.5800    0     0.06 
  2914   1252419904.4240    0     0.06 
  2913   1252419909.9600    0     0.06 
  2912   1252419915.7520    0     0.06 
  2911   1252419921.5000    0     0.06 
  2910   1252419927.0320    0     0.06 
  2909   1252419932.7600    0     0.06 
  2908   1252419938.3840    0     0.06 
  2907   1252419944.1120    0     0.06 
  2906   1252419949.7520    0     0.06 
  2905   1252419955.5920    0     0.06 
  2904   1252419961.1360    0     0.06 
  2903   1252419966.9800    0     0.06 
  2902   1252419972.6080    0     0.06 
  2901   1252419978.3920    0     0.06 
  2900   1252419983.9320    0     0.06 
  2899   1252419989.8240    0     0.06 
  2898   1252419995.3880    0     0.06 
  2897   1252420001.1560    0     0.06 
  2896   1252420006.8000    0     0.06 
  2895   1252420012.4840    0     0.06 
  2894   1252420018.2760    0     0.06 
  2893   1252420023.9720    0     0.06 
  2892   1252420029.9000    0     0.06 
  2891   1252420035.5840    0     0.06 
  2890   1252420041.4720    0     0.06 
  2889   1252420047.0600    0     0.06 
  2888   1252420052.9640    0     0.06 
  2887   1252420058.5920    0     0.06 
  2886   1252420064.3120    0     0.06 
  2885   1252420069.9400    0     0.06 
  2884   1252420075.7400    0     0.06 
  2883   1252420081.4400    0     0.06 
  2882   1252420087.1400    0     0.06 
  2881   1252420092.7960    0     0.06 
  2880   1252420098.5480    0     0.06 
  2879   1252420104.2640    0     0.06 
  2878   1252420109.9480    0     0.06 
  2877   1252420115.5080    0     0.06 
  2876   1252420121.3480    0     0.06 
  2875   1252420126.9120    0     0.06 
  2874   1252420132.6920    0     0.06 
  2873   1252420138.3120    0     0.06 
  2872   1252420144.0480    0     0.06 
  2871   1252420149.8720    0     0.06 
  2870   1252420155.4120    0     0.06 
  2869   1252420161.1360    0     0.06 
  2868   1252420166.7360    0     0.06 
  2867   1252420172.4240    0     0.06 
  2866   1252420178.0720    0     0.06 
  2865   1252420183.7920    0     0.06 
  2864   1252420189.4120    0     0.06 
  2863   1252420194.9680    0     0.06 
  2862   1252420200.7800    0     0.10 
  2861   1252420206.3440    0     0.10 
  2860   1252420212.1880    0     0.10 
  2859   1252420217.7320    0     0.10 
  2858   1252420223.3920    0     0.10 
  2857   1252420229.0680    0     0.10 
  2856   1252420234.7480    0     0.10 
  2855   1252420240.5120    0     0.10 
  2854   1252420246.1680    0     0.10 
  2853   1252420251.8440    0     0.10 
  2852   1252420257.6480    0     0.10 
  2851   1252420263.1800    0     0.10 
  2850   1252420268.9960    0     0.10 
  2849   1252420274.6280    0     0.10 
  2848   1252420280.3960    0     0.10 
  2847   1252420285.9880    0     0.10 
  2846   1252420291.6920    0     0.10 
  2845   1252420297.3520    0     0.10 
  2844   1252420303.0080    0     0.10 
  2843   1252420308.6120    0     0.10 
  2842   1252420314.2480    0     0.10 
  2841   1252420319.8080    0     0.10 
  2840   1252420325.5760    0     0.10 
  2839   1252420331.2600    0     0.10 
  2838   1252420336.9440    0     0.10 
  2837   1252420342.6920    0     0.10 
  2836   1252420348.2400    0     0.10 
  2835   1252420353.8560    0     0.10 
  2834   1252420359.4680    0     0.10 
  2833   1252420365.2400    0     0.10 
  2832   1252420370.8360    0     0.10 
  2831   1252420376.5360    0     0.10 
  2830   1252420382.1840    0     0.10 
  2829   1252420387.8280    0     0.10 
  2828   1252420393.4920    0     0.10 
  2827   1252420398.9920    0     0.10 
  2826   1252420404.8200    0     0.10 
  2825   1252420410.1920    0     0.10 
  2824   1252420416.0720    0     0.10 
  2823   1252420421.6440    0     0.10 
  2822   1252420427.2920    0     0.10 
  2821   1252420433.0880    0     0.10 
  2820   1252420438.6920    0     0.10 
  2819   1252420444.4600    0     0.10 
  2818   1252420450.0040    0     0.10 
  2817   1252420455.8800    0     0.10 
  2816   1252420461.6520    0     0.10 
  2815   1252420467.3760    0     0.10 
  2814   1252420473.3280    0     0.10 
  2813   1252420478.9360    0     0.10 
  2812   1252420484.7320    0     0.10 
  2811   1252420490.4760    0     0.10 
  2810   1252420496.3240    0     0.10 
  2809   1252420501.9480    0     0.10 
  2808   1252420507.7960    0     0.10 
  2807   1252420513.3320    0     0.10 
  2806   1252420519.2520    0     0.10 
  2805   1252420524.8200    0     0.10 
  2804   1252420530.5200    0     0.10 
  2803   1252420536.0280    0     0.10 
  2802   1252420541.6360    0     0.10 
  2801   1252420547.2280    0     0.10 
  2800   1252420552.8920    0     0.10 
  2799   1252420558.3360    0     0.10 
  2798   1252420564.0000    0     0.10 
  2797   1252420569.5800    0     0.10 
  2796   1252420575.2160    0     0.10 
  2795   1252420580.9120    0     0.10 
  2794   1252420586.5320    0     0.10 
  2793   1252420592.2440    0     0.10 
  2792   1252420597.8960    0     0.10 
  2791   1252420603.7640    0     0.10 
  2790   1252420609.4440    0     0.10 
  2789   1252420615.3880    0     0.10 
  2788   1252420621.0320    0     0.10 
  2787   1252420626.5880    0     0.10 
  2786   1252420632.2360    0     0.10 
  2785   1252420637.9040    0     0.10 
  2784   1252420643.6520    0     0.10 
  2783   1252420649.4120    0     0.10 
  2782   1252420655.2640    0     0.10 
  2781   1252420660.8880    0     0.10 
  2780   1252420666.6080    0     0.10 
  2779   1252420672.1560    0     0.10 
  2778   1252420677.7920    0     0.10 
  2777   1252420683.5240    0     0.10 
  2776   1252420689.1240    0     0.10 
  2775   1252420694.7560    0     0.10 
  2774   1252420700.4280    0     0.10 
  2773   1252420706.1800    0     0.10 
  2772   1252420711.9200    0     0.10 
  2771   1252420717.7200    0     0.10 
  2770   1252420723.2680    0     0.10 
  2769   1252420728.9720    0     0.10 
  2768   1252420734.5080    0     0.10 
  2767   1252420740.1720    0     0.10 
  2766   1252420745.9360    0     0.10 
  2765   1252420751.6040    0     0.10 
  2764   1252420757.2760    0     0.10 
  2763   1252420762.8360    0     0.10 
  2762   1252420768.6080    0     0.10 
  2761   1252420774.1640    0     0.10 
  2760   1252420779.9520    0     0.10 
  2759   1252420785.4400    0     0.10 
  2758   1252420791.2640    0     0.10 
  2757   1252420797.0240    0     0.10 
  2756   1252420802.5760    0     0.10 
  2755   1252420808.4600    0     0.10 
  2754   1252420813.9440    0     0.10 
  2753   1252420819.6560    0     0.10 
  2752   1252420825.2640    0     0.10 
  2751   1252420830.9080    0     0.10 
  2750   1252420836.5520    0     0.10 
  2749   1252420842.2240    0     0.10 
  2748   1252420847.8640    0     0.10 
  2747   1252420853.4320    0     0.10 
  2746   1252420859.1400    0     0.10 
  2745   1252420864.7440    0     0.10 
  2744   1252420870.3640    0     0.10 
  2743   1252420876.1080    0     0.10 
  2742   1252420881.7960    0     0.10 
  2741   1252420887.4520    0     0.10 
  2740   1252420893.1640    0     0.10 
  2739   1252420898.8640    0     0.10 
  2738   1252420904.6280    0     0.10 
  2737   1252420910.1880    0     0.10 
  2736   1252420915.9280    0     0.10 
  2735   1252420921.5600    0     0.10 
  2734   1252420927.0680    0     0.10 
  2733   1252420932.8360    0     0.10 
  2732   1252420938.3440    0     0.10 
  2731   1252420944.1120    0     0.10 
  2730   1252420949.7280    0     0.10 
  2729   1252420955.3560    0     0.10 
  2728   1252420960.9200    0     0.10 
  2727   1252420966.5680    0     0.10 
  2726   1252420972.0400    0     0.10 
  2725   1252420977.7000    0     0.10 
  2724   1252420983.2480    0     0.10 
  2723   1252420988.7960    0     0.10 
  2722   1252420994.4040    0     0.10 
  2721   1252421000.0000    0     0.10 
  2720   1252421005.4600    0     0.10 
  2719   1252421011.0720    0     0.10 
  2718   1252421016.5760    0     0.10 
  2717   1252421022.1560    0     0.10 
  2716   1252421027.6280    0     0.10 
  2715   1252421033.3040    0     0.10 
  2714   1252421038.8040    0     0.10 
  2713   1252421044.3960    0     0.10 
  2712   1252421050.0560    0     0.10 
  2711   1252421055.5040    0     0.10 
  2710   1252421061.1440    0     0.10 
  2709   1252421066.6440    0     0.10 
  2708   1252421072.1920    0     0.10 
  2707   1252421077.8240    0     0.10 
  2706   1252421083.4480    0     0.10 
  2705   1252421088.9960    0     0.10 
  2704   1252421094.6440    0     0.10 
  2703   1252421100.1400    0     0.10 
  2702   1252421105.7800    0     0.10 
  2701   1252421111.3440    0     0.10 
  2700   1252421117.0880    0     0.10 
  2699   1252421122.7200    0     0.10 
  2698   1252421128.5440    0     0.10 
  2697   1252421134.2240    0     0.10 
  2696   1252421139.8480    0     0.10 
  2695   1252421145.6720    0     0.10 
  2694   1252421151.2920    0     0.10 
  2693   1252421157.0680    0     0.10 
  2692   1252421162.7280    0     0.10 
  2691   1252421168.4040    0     0.10 
  2690   1252421174.1840    0     0.10 
  2689   1252421179.7000    0     0.10 
  2688   1252421185.4680    0     0.10 
  2687   1252421191.1360    0     0.10 
  2686   1252421196.8400    0     0.10 
  2685   1252421202.3800    0     0.10 
  2684   1252421208.0680    0     0.10 
  2683   1252421213.6640    0     0.10 
  2682   1252421219.2600    0     0.10 
  2681   1252421224.9080    0     0.10 
  2680   1252421230.4840    0     0.10 
  2679   1252421236.0120    0     0.10 
  2678   1252421241.6440    0     0.10 
  2677   1252421247.2120    0     0.10 
  2676   1252421252.8960    0     0.10 
  2675   1252421258.5640    0     0.10 
  2674   1252421264.1160    0     0.10 
  2673   1252421269.8800    0     0.10 
  2672   1252421275.5080    0     0.10 
  2671   1252421281.2800    0     0.10 
  2670   1252421286.8600    0     0.10 
  2669   1252421292.5000    0     0.10 
  2668   1252421297.9480    0     0.10 
  2667   1252421303.8080    0     0.10 
  2666   1252421309.2000    0     0.10 
  2665   1252421315.1280    0     0.10 
  2664   1252421320.6440    0     0.10 
  2663   1252421326.5760    0     0.10 
  2662   1252421332.0960    0     0.10 
  2661   1252421337.9080    0     0.10 
  2660   1252421343.4080    0     0.10 
  2659   1252421349.3000    0     0.10 
  2658   1252421354.7920    0     0.10 
  2657   1252421360.6480    0     0.10 
  2656   1252421366.5440    0     0.10 
  2655   1252421372.3000    0     0.10 
  2654   1252421378.0520    0     0.10 
  2653   1252421383.8520    0     0.10 
  2652   1252421389.5160    0     0.10 
  2651   1252421395.3920    0     0.10 
  2650   1252421401.1040    0     0.12 
  2649   1252421406.7480    0     0.12 
  2648   1252421412.5640    0     0.12 
  2647   1252421418.3760    0     0.12 
  2646   1252421424.1040    0     0.12 
  2645   1252421429.7120    0     0.12 
  2644   1252421435.3200    0     0.12 
  2643   1252421440.9720    0     0.12 
  2642   1252421446.5880    0     0.12 
  2641   1252421452.2960    0     0.12 
  2640   1252421457.9520    0     0.12 
  2639   1252421463.4920    0     0.12 
  2638   1252421469.2480    0     0.12 
  2637   1252421474.7600    0     0.12 
  2636   1252421480.4360    0     0.12 
  2635   1252421486.2360    0     0.12 
  2634   1252421491.7680    0     0.12 
  2633   1252421497.5560    0     0.12 
  2632   1252421503.0720    0     0.12 
  2631   1252421509.0080    0     0.12 
  2630   1252421514.5320    0     0.12 
  2629   1252421520.4320    0     0.12 
  2628   1252421526.0000    0     0.12 
  2627   1252421531.9800    0     0.12 
  2626   1252421537.4560    0     0.12 
  2625   1252421543.3600    0     0.12 
  2624   1252421548.8960    0     0.12 
  2623   1252421554.5440    0     0.12 
  2622   1252421560.3720    0     0.12 
  2621   1252421565.9600    0     0.12 
  2620   1252421571.7680    0     0.12 
  2619   1252421577.4000    0     0.12 
  2618   1252421583.2360    0     0.12 
  2617   1252421588.7200    0     0.12 
  2616   1252421594.3680    0     0.12 
  2615   1252421599.8320    0     0.12 
  2614   1252421605.6120    0     0.12 
  2613   1252421611.2920    0     0.12 
  2612   1252421616.8560    0     0.12 
  2611   1252421622.5720    0     0.12 
  2610   1252421628.0600    0     0.12 
  2609   1252421633.7040    0     0.12 
  2608   1252421639.3760    0     0.12 
  2607   1252421645.0240    0     0.12 
  2606   1252421650.8120    0     0.12 
  2605   1252421656.3960    0     0.12 
  2604   1252421662.0920    0     0.12 
  2603   1252421667.4920    0     0.12 
  2602   1252421673.2920    0     0.12 
  2601   1252421678.6840    0     0.12 
  2600   1252421684.4040    0     0.12 
  2599   1252421689.9680    0     0.12 
  2598   1252421695.6040    0     0.12 
  2597   1252421701.3160    0     0.12 
  2596   1252421706.8080    0     0.12 
  2595   1252421712.4600    0     0.12 
  2594   1252421717.9040    0     0.12 
  2593   1252421723.5880    0     0.12 
  2592   1252421729.0640    0     0.12 
  2591   1252421734.7800    0     0.12 
  2590   1252421740.2400    0     0.12 
  2589   1252421745.9400    0     0.12 
  2588   1252421751.4800    0     0.12 
  2587   1252421757.2160    0     0.12 
  2586   1252421762.7920    0     0.12 
  2585   1252421768.3880    0     0.12 
  2584   1252421773.9800    0     0.12 
  2583   1252421779.5520    0     0.12 
  2582   1252421785.1200    0     0.12 
  2581   1252421790.8160    0     0.12 
  2580   1252421796.3800    0     0.12 
  2579   1252421801.9640    0     0.12 
  2578   1252421807.4000    0     0.12 
  2577   1252421813.0280    0     0.12 
  2576   1252421818.4800    0     0.12 
  2575   1252421824.1360    0     0.12 
  2574   1252421829.6600    0     0.12 
  2573   1252421835.3600    0     0.12 
  2572   1252421840.9000    0     0.12 
  2571   1252421846.4680    0     0.12 
  2570   1252421851.9640    0     0.12 
  2569   1252421857.5160    0     0.12 
  2568   1252421863.0040    0     0.12 
  2567   1252421868.5880    0     0.12 
  2566   1252421874.1800    0     0.12 
  2565   1252421879.6880    0     0.12 
  2564   1252421885.1880    0     0.12 
  2563   1252421890.8600    0     0.12 
  2562   1252421896.3720    0     0.12 
  2561   1252421902.0120    0     0.12 
  2560   1252421907.5680    0     0.12 
  2559   1252421913.1960    0     0.12 
  2558   1252421918.7080    0     0.12 
  2557   1252421924.3720    0     0.12 
  2556   1252421929.8600    0     0.12 
  2555   1252421935.5200    0     0.12 
  2554   1252421941.0040    0     0.12 
  2553   1252421946.7040    0     0.12 
  2552   1252421952.1600    0     0.12 
  2551   1252421957.8440    0     0.12 
  2550   1252421963.3760    0     0.12 
  2549   1252421969.0440    0     0.12 
  2548   1252421974.5320    0     0.12 
  2547   1252421980.2040    0     0.12 
  2546   1252421985.7080    0     0.12 
  2545   1252421991.3640    0     0.12 
  2544   1252421997.0520    0     0.12 
  2543   1252422002.5120    0     0.13 
  2542   1252422008.1760    0     0.13 
  2541   1252422013.7600    0     0.13 
  2540   1252422019.3120    0     0.13 
  2539   1252422024.8040    0     0.13 
  2538   1252422030.3680    0     0.13 
  2537   1252422035.9040    0     0.13 
  2536   1252422041.5280    0     0.13 
  2535   1252422047.0720    0     0.13 
  2534   1252422052.7360    0     0.13 
  2533   1252422058.1080    0     0.13 
  2532   1252422063.7280    0     0.13 
  2531   1252422069.1920    0     0.13 
  2530   1252422074.8720    0     0.13 
  2529   1252422080.3480    0     0.13 
  2528   1252422086.0320    0     0.13 
  2527   1252422091.5440    0     0.13 
  2526   1252422097.2800    0     0.13 
  2525   1252422102.7000    0     0.13 
  2524   1252422108.4160    0     0.13 
  2523   1252422113.8440    0     0.13 
  2522   1252422119.5640    0     0.13 
  2521   1252422125.0720    0     0.13 
  2520   1252422130.6880    0     0.13 
  2519   1252422136.4000    0     0.13 
  2518   1252422141.9120    0     0.13 
  2517   1252422147.6160    0     0.13 
  2516   1252422153.1560    0     0.13 
  2515   1252422158.7400    0     0.13 
  2514   1252422164.3760    0     0.13 
  2513   1252422169.9240    0     0.13 
  2512   1252422175.6080    0     0.13 
  2511   1252422181.1520    0     0.13 
  2510   1252422186.7080    0     0.13 
  2509   1252422192.2880    0     0.13 
  2508   1252422197.8360    0     0.13 
  2507   1252422203.2880    0     0.13 
  2506   1252422208.8480    0     0.13 
  2505   1252422214.3920    0     0.13 
  2504   1252422219.9840    0     0.13 
  2503   1252422225.5360    0     0.13 
  2502   1252422231.1880    0     0.13 
  2501   1252422236.5800    0     0.13 
  2500   1252422242.2640    0     0.13 
  2499   1252422247.6000    0     0.13 
  2498   1252422253.2080    0     0.13 
  2497   1252422258.7280    0     0.13 
  2496   1252422264.3280    0     0.13 
  2495   1252422269.7840    0     0.13 
  2494   1252422275.2400    0     0.13 
  2493   1252422280.6600    0     0.13 
  2492   1252422286.1880    0     0.13 
  2491   1252422291.7400    0     0.13 
  2490   1252422297.1480    0     0.13 
  2489   1252422302.8800    0     0.13 
  2488   1252422308.2320    0     0.13 
  2487   1252422313.8840    0     0.13 
  2486   1252422319.3880    0     0.13 
  2485   1252422324.9760    0     0.13 
  2484   1252422330.4080    0     0.13 
  2483   1252422335.9800    0     0.13 
  2482   1252422341.5760    0     0.13 
  2481   1252422347.1200    0     0.13 
  2480   1252422352.7000    0     0.13 
  2479   1252422358.2400    0     0.13 
  2478   1252422363.8320    0     0.13 
  2477   1252422369.2640    0     0.13 
  2476   1252422375.0800    0     0.13 
  2475   1252422380.5680    0     0.13 
  2474   1252422386.3960    0     0.13 
  2473   1252422391.7680    0     0.13 
  2472   1252422397.4000    0     0.13 
  2471   1252422402.8840    0     0.13 
  2470   1252422408.4240    0     0.13 
  2469   1252422413.9360    0     0.13 
  2468   1252422419.4640    0     0.13 
  2467   1252422424.9400    0     0.13 
  2466   1252422430.6480    0     0.13 
  2465   1252422435.9680    0     0.13 
  2464   1252422441.8320    0     0.13 
  2463   1252422447.1400    0     0.13 
  2462   1252422452.8640    0     0.13 
  2461   1252422458.3360    0     0.13 
  2460   1252422463.8800    0     0.13 
  2459   1252422469.4040    0     0.13 
  2458   1252422475.1840    0     0.13 
  2457   1252422480.5120    0     0.13 
  2456   1252422486.0560    0     0.13 
  2455   1252422491.5560    0     0.13 
  2454   1252422497.2160    0     0.13 
  2453   1252422502.8080    0     0.13 
  2452   1252422508.2480    0     0.13 
  2451   1252422513.8680    0     0.13 
  2450   1252422519.5120    0     0.13 
  2449   1252422525.1240    0     0.13 
  2448   1252422530.6920    0     0.13 
  2447   1252422536.4440    0     0.13 
  2446   1252422541.8760    0     0.13 
  2445   1252422547.5560    0     0.13 
  2444   1252422552.9040    0     0.13 
  2443   1252422558.6920    0     0.13 
  2442   1252422564.1680    0     0.13 
  2441   1252422569.7320    0     0.13 
  2440   1252422575.3240    0     0.13 
  2439   1252422581.0600    0     0.13 
  2438   1252422586.6800    0     0.13 
  2437   1252422592.3880    0     0.13 
  2436   1252422597.6640    0     0.13 
  2435   1252422603.5200    0     0.13 
  2434   1252422609.0520    0     0.13 
  2433   1252422614.9520    0     0.13 
  2432   1252422620.4800    0     0.13 
  2431   1252422626.2160    0     0.13 
  2430   1252422631.7000    0     0.13 
  2429   1252422637.2880    0     0.13 
  2428   1252422642.8120    0     0.13 
  2427   1252422648.4360    0     0.13 
  2426   1252422654.1840    0     0.13 
  2425   1252422659.8400    0     0.13 
  2424   1252422665.4640    0     0.13 
  2423   1252422671.1120    0     0.13 
  2422   1252422676.6120    0     0.13 
  2421   1252422682.2160    0     0.13 
  2420   1252422687.7920    0     0.13 
  2419   1252422693.4720    0     0.13 
  2418   1252422699.1080    0     0.13 
  2417   1252422704.6320    0     0.13 
  2416   1252422710.1800    0     0.13 
  2415   1252422715.6840    0     0.13 
  2414   1252422721.3360    0     0.13 
  2413   1252422726.9800    0     0.13 
  2412   1252422732.6720    0     0.13 
  2411   1252422738.2360    0     0.13 
  2410   1252422743.8680    0     0.13 
  2409   1252422749.3080    0     0.13 
  2408   1252422754.9440    0     0.13 
  2407   1252422760.3880    0     0.13 
  2406   1252422766.0280    0     0.13 
  2405   1252422771.4600    0     0.13 
  2404   1252422777.0840    0     0.13 
  2403   1252422782.3360    0     0.13 
  2402   1252422788.0680    0     0.13 
  2401   1252422793.4560    0     0.13 
  2400   1252422799.1160    0     0.13 
  2399   1252422804.4880    0     0.13 
  2398   1252422810.0360    0     0.13 
  2397   1252422815.5920    0     0.13 
  2396   1252422821.0200    0     0.13 
  2395   1252422826.6160    0     0.13 
  2394   1252422832.0320    0     0.13 
  2393   1252422837.7240    0     0.13 
  2392   1252422843.1720    0     0.13 
  2391   1252422848.7400    0     0.13 
  2390   1252422854.2200    0     0.13 
  2389   1252422859.6480    0     0.13 
  2388   1252422865.1120    0     0.13 
  2387   1252422870.5720    0     0.13 
  2386   1252422876.0760    0     0.13 
  2385   1252422881.5800    0     0.13 
  2384   1252422887.1600    0     0.13 
  2383   1252422892.6600    0     0.13 
  2382   1252422898.2560    0     0.13 
  2381   1252422903.7160    0     0.13 
  2380   1252422909.3360    0     0.13 
  2379   1252422914.9920    0     0.13 
  2378   1252422920.4760    0     0.13 
  2377   1252422926.1120    0     0.13 
  2376   1252422931.6880    0     0.13 
  2375   1252422937.1680    0     0.13 
  2374   1252422942.8080    0     0.13 
  2373   1252422948.2400    0     0.13 
  2372   1252422954.0120    0     0.13 
  2371   1252422959.4240    0     0.13 
  2370   1252422965.0600    0     0.13 
  2369   1252422970.5080    0     0.13 
  2368   1252422976.1800    0     0.13 
  2367   1252422981.7200    0     0.13 
  2366   1252422987.2640    0     0.13 
  2365   1252422992.8360    0     0.13 
  2364   1252422998.3240    0     0.13 
  2363   1252423003.9360    0     0.13 
  2362   1252423009.4200    0     0.13 
  2361   1252423015.1120    0     0.13 
  2360   1252423020.7120    0     0.13 
  2359   1252423026.3600    0     0.13 
  2358   1252423031.8760    0     0.13 
  2357   1252423037.5480    0     0.13 
  2356   1252423042.9400    0     0.13 
  2355   1252423048.6920    0     0.13 
  2354   1252423054.1280    0     0.13 
  2353   1252423060.0080    0     0.13 
  2352   1252423065.4000    0     0.13 
  2351   1252423071.1200    0     0.13 
  2350   1252423076.4320    0     0.13 
  2349   1252423082.1600    0     0.13 
  2348   1252423087.6520    0     0.13 
  2347   1252423093.3000    0     0.13 
  2346   1252423098.8400    0     0.13 
  2345   1252423104.3120    0     0.13 
  2344   1252423109.9840    0     0.13 
  2343   1252423115.4880    0     0.13 
  2342   1252423121.1520    0     0.13 
  2341   1252423126.6800    0     0.13 
  2340   1252423132.3560    0     0.13 
  2339   1252423138.0400    0     0.13 
  2338   1252423143.4080    0     0.13 
  2337   1252423149.1320    0     0.13 
  2336   1252423154.6400    0     0.13 
  2335   1252423160.1840    0     0.13 
  2334   1252423165.8360    0     0.13 
  2333   1252423171.3040    0     0.13 
  2332   1252423176.9160    0     0.13 
  2331   1252423182.3640    0     0.13 
  2330   1252423187.9760    0     0.13 
  2329   1252423193.4840    0     0.13 
  2328   1252423199.0200    0     0.13 
  2327   1252423204.4760    0     0.14 
  2326   1252423210.1320    0     0.14 
  2325   1252423215.7000    0     0.14 
  2324   1252423221.0880    0     0.14 
  2323   1252423226.6960    0     0.14 
  2322   1252423232.3120    0     0.14 
  2321   1252423237.8640    0     0.14 
  2320   1252423243.4920    0     0.14 
  2319   1252423248.9000    0     0.14 
  2318   1252423254.5880    0     0.14 
  2317   1252423260.1200    0     0.14 
  2316   1252423265.7280    0     0.14 
  2315   1252423271.2720    0     0.14 
  2314   1252423276.8320    0     0.14 
  2313   1252423282.3840    0     0.14 
  2312   1252423287.9600    0     0.14 
  2311   1252423293.4600    0     0.14 
  2310   1252423299.0840    0     0.14 
  2309   1252423304.5280    0     0.14 
  2308   1252423310.0680    0     0.14 
  2307   1252423315.6800    0     0.14 
  2306   1252423321.2760    0     0.14 
  2305   1252423326.9000    0     0.14 
  2304   1252423332.4560    0     0.14 
  2303   1252423337.9240    0     0.14 
  2302   1252423343.3800    0     0.14 
  2301   1252423348.8720    0     0.14 
  2300   1252423354.3760    0     0.14 
  2299   1252423360.1440    0     0.14 
  2298   1252423365.6200    0     0.14 
  2297   1252423371.5360    0     0.14 
  2296   1252423376.9000    0     0.14 
  2295   1252423382.5640    0     0.14 
  2294   1252423388.0640    0     0.14 
  2293   1252423393.5400    0     0.14 
  2292   1252423399.1320    0     0.14 
  2291   1252423404.8280    0     0.14 
  2290   1252423410.4960    0     0.14 
  2289   1252423416.2320    0     0.14 
  2288   1252423421.7920    0     0.14 
  2287   1252423427.4520    0     0.14 
  2286   1252423433.1080    0     0.14 
  2285   1252423438.7840    0     0.14 
  2284   1252423444.5040    0     0.14 
  2283   1252423450.3560    0     0.14 
  2282   1252423455.9080    0     0.14 
  2281   1252423461.5480    0     0.14 
  2280   1252423467.2560    0     0.14 
  2279   1252423472.7400    0     0.14 
  2278   1252423478.3760    0     0.14 
  2277   1252423483.8640    0     0.14 
  2276   1252423489.6960    0     0.14 
  2275   1252423495.1120    0     0.14 
  2274   1252423500.8360    0     0.14 
  2273   1252423506.3880    0     0.14 
  2272   1252423511.9800    0     0.14 
  2271   1252423517.2720    0     0.14 
  2270   1252423522.9200    0     0.14 
  2269   1252423528.2520    0     0.14 
  2268   1252423533.9120    0     0.14 
  2267   1252423539.2840    0     0.14 
  2266   1252423544.9840    0     0.14 
  2265   1252423550.3920    0     0.14 
  2264   1252423555.9720    0     0.14 
  2263   1252423561.6200    0     0.14 
  2262   1252423567.0440    0     0.14 
  2261   1252423572.5760    0     0.14 
  2260   1252423577.9880    0     0.14 
  2259   1252423583.4560    0     0.14 
  2258   1252423589.0000    0     0.14 
  2257   1252423594.6600    0     0.14 
  2256   1252423599.9920    0     0.14 
  2255   1252423605.6960    0     0.14 
  2254   1252423610.9920    0     0.14 
  2253   1252423616.6160    0     0.14 
  2252   1252423622.1880    0     0.14 
  2251   1252423627.6480    0     0.14 
  2250   1252423633.3480    0     0.14 
  2249   1252423638.7240    0     0.14 
  2248   1252423644.5200    0     0.14 
  2247   1252423649.9320    0     0.14 
  2246   1252423655.5560    0     0.14 
  2245   1252423661.0360    0     0.14 
  2244   1252423666.7280    0     0.14 
  2243   1252423672.1480    0     0.14 
  2242   1252423678.0240    0     0.14 
  2241   1252423683.3560    0     0.14 
  2240   1252423689.0800    0     0.14 
  2239   1252423694.4840    0     0.14 
  2238   1252423700.1680    0     0.14 
  2237   1252423705.5560    0     0.14 
  2236   1252423711.0800    0     0.14 
  2235   1252423716.5360    0     0.14 
  2234   1252423722.2200    0     0.14 
  2233   1252423727.4960    0     0.14 
  2232   1252423733.1800    0     0.14 
  2231   1252423738.4520    0     0.14 
  2230   1252423744.0880    0     0.14 
  2229   1252423749.3720    0     0.14 
  2228   1252423755.0160    0     0.14 
  2227   1252423760.4480    0     0.14 
  2226   1252423765.9440    0     0.14 
  2225   1252423771.4240    0     0.14 
  2224   1252423776.7520    0     0.14 
  2223   1252423782.2120    0     0.14 
  2222   1252423787.7640    0     0.14 
  2221   1252423793.3880    0     0.14 
  2220   1252423798.8320    0     0.14 
  2219   1252423804.3320    0     0.14 
  2218   1252423809.8200    0     0.14 
  2217   1252423815.2760    0     0.14 
  2216   1252423820.7560    0     0.14 
  2215   1252423826.0920    0     0.14 
  2214   1252423831.5600    0     0.14 
  2213   1252423837.0240    0     0.14 
  2212   1252423842.4880    0     0.14 
  2211   1252423847.9000    0     0.14 
  2210   1252423853.3160    0     0.14 
  2209   1252423858.8480    0     0.14 
  2208   1252423864.1680    0     0.14 
  2207   1252423869.7240    0     0.14 
  2206   1252423875.0000    0     0.14 
  2205   1252423880.7520    0     0.14 
  2204   1252423886.0600    0     0.14 
  2203   1252423891.6040    0     0.14 
  2202   1252423896.9680    0     0.14 
  2201   1252423902.5480    0     0.14 
  2200   1252423908.0720    0     0.14 
  2199   1252423913.5880    0     0.14 
  2198   1252423919.1800    0     0.14 
  2197   1252423924.7320    0     0.14 
  2196   1252423930.2720    0     0.14 
  2195   1252423935.6760    0     0.14 
  2194   1252423940.9800    0     0.14 
  2193   1252423946.6600    0     0.14 
  2192   1252423951.9680    0     0.14 
  2191   1252423957.6160    0     0.14 
  2190   1252423962.9680    0     0.14 
  2189   1252423968.3960    0     0.14 
  2188   1252423973.8160    0     0.14 
  2187   1252423979.2680    0     0.14 
  2186   1252423984.7200    0     0.14 
  2185   1252423990.1440    0     0.14 
  2184   1252423995.6640    0     0.14 
  2183   1252424001.0160    0     0.14 
  2182   1252424006.5120    0     0.14 
  2181   1252424011.7760    0     0.14 
  2180   1252424017.4760    0     0.14 
  2179   1252424023.0600    0     0.14 
  2178   1252424028.7920    0     0.14 
  2177   1252424034.3680    0     0.14 
  2176   1252424039.8320    0     0.14 
  2175   1252424045.5040    0     0.14 
  2174   1252424050.9640    0     0.14 
  2173   1252424056.5440    0     0.14 
  2172   1252424062.0760    0     0.14 
  2171   1252424067.6560    0     0.14 
  2170   1252424073.3080    0     0.14 
  2169   1252424078.9200    0     0.14 
  2168   1252424084.5240    0     0.14 
  2167   1252424089.8920    0     0.14 
  2166   1252424095.3800    0     0.14 
  2165   1252424100.8160    0     0.14 
  2164   1252424106.4520    0     0.14 
  2163   1252424111.9080    0     0.14 
  2162   1252424117.3440    0     0.14 
  2161   1252424122.8280    0     0.14 
  2160   1252424128.3640    0     0.14 
  2159   1252424133.8360    0     0.14 
  2158   1252424139.3320    0     0.14 
  2157   1252424144.7440    0     0.14 
  2156   1252424150.1440    0     0.14 
  2155   1252424155.5560    0     0.14 
  2154   1252424160.9400    0     0.14 
  2153   1252424166.5760    0     0.14 
  2152   1252424171.9320    0     0.14 
  2151   1252424177.4880    0     0.14 
  2150   1252424182.9800    0     0.14 
  2149   1252424188.4600    0     0.14 
  2148   1252424193.8640    0     0.14 
  2147   1252424199.4200    0     0.14 
  2146   1252424204.8640    0     0.14 
  2145   1252424210.3000    0     0.14 
  2144   1252424215.7760    0     0.14 
  2143   1252424221.1320    0     0.14 
  2142   1252424226.6480    0     0.14 
  2141   1252424232.1920    0     0.14 
  2140   1252424237.6960    0     0.14 
  2139   1252424242.9440    0     0.14 
  2138   1252424248.4040    0     0.14 
  2137   1252424253.7960    0     0.14 
  2136   1252424259.2120    0     0.14 
  2135   1252424264.6880    0     0.14 
  2134   1252424270.1120    0     0.14 
  2133   1252424275.5000    0     0.14 
  2132   1252424281.2160    0     0.14 
  2131   1252424286.5080    0     0.14 
  2130   1252424292.1880    0     0.14 
  2129   1252424297.4800    0     0.14 
  2128   1252424303.0760    0     0.14 
  2127   1252424308.3960    0     0.14 
  2126   1252424313.8320    0     0.14 
  2125   1252424319.3040    0     0.14 
  2124   1252424324.7800    0     0.14 
  2123   1252424330.2040    0     0.14 
  2122   1252424335.5880    0     0.14 
  2121   1252424341.1000    0     0.14 
  2120   1252424346.5080    0     0.14 
  2119   1252424352.1120    0     0.14 
  2118   1252424357.3120    0     0.14 
  2117   1252424362.9160    0     0.14 
  2116   1252424368.4720    0     0.14 
  2115   1252424373.8920    0     0.14 
  2114   1252424379.3760    0     0.14 
  2113   1252424384.8520    0     0.14 
  2112   1252424390.4440    0     0.14 
  2111   1252424396.0040    0     0.14 
  2110   1252424401.7000    0     0.14 
  2109   1252424407.0480    0     0.14 
  2108   1252424412.6440    0     0.14 
  2107   1252424418.0720    0     0.14 
  2106   1252424423.6840    0     0.14 
  2105   1252424429.1480    0     0.14 
  2104   1252424434.8320    0     0.14 
  2103   1252424440.2680    0     0.14 
  2102   1252424445.8560    0     0.14 
  2101   1252424451.3280    0     0.14 
  2100   1252424456.8600    0     0.14 
  2099   1252424462.3520    0     0.14 
  2098   1252424467.8800    0     0.14 
  2097   1252424473.3880    0     0.14 
  2096   1252424478.9800    0     0.14 
  2095   1252424484.4120    0     0.14 
  2094   1252424490.0440    0     0.14 
  2093   1252424495.6320    0     0.14 
  2092   1252424500.9720    0     0.14 
  2091   1252424506.3960    0     0.14 
  2090   1252424511.9520    0     0.14 
  2089   1252424517.5200    0     0.14 
  2088   1252424523.0560    0     0.14 
  2087   1252424528.4920    0     0.14 
  2086   1252424533.9320    0     0.14 
  2085   1252424539.2920    0     0.14 
  2084   1252424544.7920    0     0.14 
  2083   1252424550.3760    0     0.14 
  2082   1252424555.9120    0     0.14 
  2081   1252424561.4560    0     0.14 
  2080   1252424566.8240    0     0.14 
  2079   1252424572.5000    0     0.14 
  2078   1252424577.9960    0     0.14 
  2077   1252424583.5200    0     0.14 
  2076   1252424588.9920    0     0.14 
  2075   1252424594.5560    0     0.14 
  2074   1252424600.1280    0     0.14 
  2073   1252424605.6160    0     0.14 
  2072   1252424610.9920    0     0.14 
  2071   1252424616.4760    0     0.14 
  2070   1252424621.7840    0     0.14 
  2069   1252424627.4320    0     0.14 
  2068   1252424632.7920    0     0.14 
  2067   1252424638.4640    0     0.14 
  2066   1252424643.8760    0     0.14 
  2065   1252424649.4680    0     0.14 
  2064   1252424654.8040    0     0.14 
  2063   1252424660.4240    0     0.14 
  2062   1252424665.8280    0     0.14 
  2061   1252424671.3440    0     0.14 
  2060   1252424676.9600    0     0.14 
  2059   1252424682.3440    0     0.14 
  2058   1252424687.7840    0     0.14 
  2057   1252424693.4280    0     0.14 
  2056   1252424699.0160    0     0.14 
  2055   1252424704.4320    0     0.14 
  2054   1252424709.9840    0     0.14 
  2053   1252424715.2680    0     0.14 
  2052   1252424720.7920    0     0.14 
  2051   1252424726.2880    0     0.14 
  2050   1252424731.7520    0     0.14 
  2049   1252424737.2600    0     0.14 
  2048   1252424742.7120    0     0.14 
  2047   1252424748.3520    0     0.14 
  2046   1252424753.9520    0     0.14 
  2045   1252424759.5160    0     0.14 
  2044   1252424764.8120    0     0.14 
  2043   1252424770.5920    0     0.14 
  2042   1252424775.7960    0     0.14 
  2041   1252424781.6920    0     0.14 
  2040   1252424786.9680    0     0.14 
  2039   1252424792.7040    0     0.14 
  2038   1252424798.0480    0     0.14 
  2037   1252424803.7880    0     0.14 
  2036   1252424809.2320    0     0.14 
  2035   1252424814.8400    0     0.14 
  2034   1252424820.3320    0     0.14 
  2033   1252424825.9120    0     0.14 
  2032   1252424831.5000    0     0.14 
  2031   1252424836.8320    0     0.14 
  2030   1252424842.5400    0     0.14 
  2029   1252424848.0280    0     0.14 
  2028   1252424853.5720    0     0.14 
  2027   1252424859.0360    0     0.14 
  2026   1252424864.4440    0     0.14 
  2025   1252424870.0400    0     0.14 
  2024   1252424875.4400    0     0.14 
  2023   1252424880.8880    0     0.14 
  2022   1252424886.3640    0     0.14 
  2021   1252424891.7640    0     0.14 
  2020   1252424897.1360    0     0.14 
  2019   1252424902.6040    0     0.14 
  2018   1252424908.0880    0     0.14 
  2017   1252424913.6120    0     0.14 
  2016   1252424918.9160    0     0.14 
  2015   1252424924.4680    0     0.14 
  2014   1252424929.8040    0     0.14 
  2013   1252424935.3160    0     0.14 
  2012   1252424940.7360    0     0.14 
  2011   1252424946.3960    0     0.14 
  2010   1252424951.9200    0     0.14 
  2009   1252424957.6560    0     0.14 
  2008   1252424963.0680    0     0.14 
  2007   1252424968.7760    0     0.14 
  2006   1252424974.1240    0     0.14 
  2005   1252424979.8760    0     0.14 
  2004   1252424985.0640    0     0.14 
  2003   1252424990.9600    0     0.14 
  2002   1252424996.3360    0     0.14 
  2001   1252425002.0760    0     0.17 
  2000   1252425007.5400    0     0.17 
  1999   1252425013.1880    0     0.17 
  1998   1252425018.7560    0     0.17 
  1997   1252425024.4040    0     0.17 
  1996   1252425029.8920    0     0.17 
  1995   1252425035.5680    0     0.17 
  1994   1252425041.2360    0     0.17 
  1993   1252425046.7440    0     0.17 
  1992   1252425052.1280    0     0.17 
  1991   1252425057.8240    0     0.17 
  1990   1252425063.4320    0     0.17 
  1989   1252425069.1880    0     0.17 
  1988   1252425074.8000    0     0.17 
  1987   1252425080.4240    0     0.17 
  1986   1252425086.1400    0     0.17 
  1985   1252425091.6680    0     0.17 
  1984   1252425097.2680    0     0.17 
  1983   1252425102.7680    0     0.17 
  1982   1252425108.2040    0     0.17 
  1981   1252425113.7400    0     0.17 
  1980   1252425119.2560    0     0.17 
  1979   1252425125.0720    0     0.17 
  1978   1252425130.5360    0     0.17 
  1977   1252425136.1320    0     0.17 
  1976   1252425141.5880    0     0.17 
  1975   1252425147.1400    0     0.17 
  1974   1252425152.8200    0     0.17 
  1973   1252425158.2800    0     0.17 
  1972   1252425164.0080    0     0.17 
  1971   1252425169.2960    0     0.17 
  1970   1252425174.9240    0     0.17 
  1969   1252425180.4720    0     0.17 
  1968   1252425186.1680    0     0.17 
  1967   1252425191.8680    0     0.17 
  1966   1252425197.5360    0     0.17 
  1965   1252425203.0160    0     0.17 
  1964   1252425208.5800    0     0.17 
  1963   1252425214.0600    0     0.17 
  1962   1252425219.6880    0     0.17 
  1961   1252425225.3200    0     0.17 
  1960   1252425230.8200    0     0.17 
  1959   1252425236.4600    0     0.17 
  1958   1252425242.1560    0     0.17 
  1957   1252425247.6440    0     0.17 
  1956   1252425253.0840    0     0.17 
  1955   1252425258.6080    0     0.17 
  1954   1252425264.2040    0     0.17 
  1953   1252425269.6920    0     0.17 
  1952   1252425275.2920    0     0.17 
  1951   1252425280.8280    0     0.17 
  1950   1252425286.6360    0     0.17 
  1949   1252425292.1200    0     0.17 
  1948   1252425297.7640    0     0.17 
  1947   1252425303.1360    0     0.17 
  1946   1252425308.8160    0     0.17 
  1945   1252425314.2560    0     0.17 
  1944   1252425319.9360    0     0.17 
  1943   1252425325.4920    0     0.17 
  1942   1252425330.9920    0     0.17 
  1941   1252425336.4960    0     0.17 
  1940   1252425342.1320    0     0.17 
  1939   1252425347.7680    0     0.17 
  1938   1252425353.3040    0     0.17 
  1937   1252425358.8560    0     0.17 
  1936   1252425364.5160    0     0.17 
  1935   1252425370.0600    0     0.17 
  1934   1252425375.8400    0     0.17 
  1933   1252425381.4360    0     0.17 
  1932   1252425387.0400    0     0.17 
  1931   1252425392.5440    0     0.17 
  1930   1252425398.2560    0     0.17 
  1929   1252425403.6400    0     0.17 
  1928   1252425409.5480    0     0.17 
  1927   1252425414.8880    0     0.17 
  1926   1252425420.6800    0     0.17 
  1925   1252425426.3120    0     0.17 
  1924   1252425432.0120    0     0.17 
  1923   1252425437.5880    0     0.17 
  1922   1252425443.3880    0     0.17 
  1921   1252425448.9600    0     0.17 
  1920   1252425454.6680    0     0.17 
  1919   1252425460.3160    0     0.17 
  1918   1252425465.9920    0     0.17 
  1917   1252425471.5720    0     0.17 
  1916   1252425477.3640    0     0.17 
  1915   1252425483.1560    0     0.17 
  1914   1252425488.8480    0     0.17 
  1913   1252425494.5560    0     0.17 
  1912   1252425500.2600    0     0.17 
  1911   1252425505.7800    0     0.17 
  1910   1252425511.3120    0     0.17 
  1909   1252425516.9640    0     0.17 
  1908   1252425522.6160    0     0.17 
  1907   1252425528.2040    0     0.17 
  1906   1252425533.8280    0     0.17 
  1905   1252425539.3600    0     0.17 
  1904   1252425544.8720    0     0.17 
  1903   1252425550.4960    0     0.17 
  1902   1252425556.1320    0     0.17 
  1901   1252425561.5400    0     0.17 
  1900   1252425567.0560    0     0.17 
  1899   1252425572.5440    0     0.17 
  1898   1252425578.0920    0     0.17 
  1897   1252425583.6200    0     0.17 
  1896   1252425589.3000    0     0.17 
  1895   1252425594.8240    0     0.17 
  1894   1252425600.3600    0     0.22 
  1893   1252425606.0080    0     0.22 
  1892   1252425611.5360    0     0.22 
  1891   1252425617.0760    0     0.22 
  1890   1252425622.6400    0     0.22 
  1889   1252425628.0920    0     0.22 
  1888   1252425633.7400    0     0.22 
  1887   1252425639.2720    0     0.22 
  1886   1252425644.7920    0     0.22 
  1885   1252425650.3120    0     0.22 
  1884   1252425656.0680    0     0.22 
  1883   1252425661.5200    0     0.22 
  1882   1252425667.1720    0     0.22 
  1881   1252425672.6200    0     0.22 
  1880   1252425678.2440    0     0.22 
  1879   1252425683.9280    0     0.22 
  1878   1252425689.5920    0     0.22 
  1877   1252425695.2360    0     0.22 
  1876   1252425700.9560    0     0.22 
  1875   1252425706.6920    0     0.22 
  1874   1252425712.4360    0     0.22 
  1873   1252425718.1640    0     0.22 
  1872   1252425723.9600    0     0.22 
  1871   1252425729.6880    0     0.22 
  1870   1252425735.3720    0     0.22 
  1869   1252425741.1120    0     0.22 
  1868   1252425746.7440    0     0.22 
  1867   1252425752.4400    0     0.22 
  1866   1252425758.1640    0     0.22 
  1865   1252425763.8280    0     0.22 
  1864   1252425769.6120    0     0.22 
  1863   1252425775.1360    0     0.22 
  1862   1252425780.7440    0     0.22 
  1861   1252425786.2120    0     0.22 
  1860   1252425792.0280    0     0.22 
  1859   1252425797.6280    0     0.22 
  1858   1252425803.1240    0     0.22 
  1857   1252425808.8240    0     0.22 
  1856   1252425814.3600    0     0.22 
  1855   1252425819.9560    0     0.22 
  1854   1252425825.5200    0     0.22 
  1853   1252425831.0800    0     0.22 
  1852   1252425836.6960    0     0.22 
  1851   1252425842.1920    0     0.22 
  1850   1252425847.9040    0     0.22 
  1849   1252425853.4440    0     0.22 
  1848   1252425859.1400    0     0.22 
  1847   1252425864.6560    0     0.22 
  1846   1252425870.3600    0     0.22 
  1845   1252425875.7680    0     0.22 
  1844   1252425881.3800    0     0.22 
  1843   1252425886.7560    0     0.22 
  1842   1252425892.6040    0     0.22 
  1841   1252425897.8320    0     0.22 
  1840   1252425903.7280    0     0.22 
  1839   1252425909.1200    0     0.22 
  1838   1252425914.8360    0     0.22 
  1837   1252425920.3960    0     0.22 
  1836   1252425925.8880    0     0.22 
  1835   1252425931.4840    0     0.22 
  1834   1252425936.9880    0     0.22 
  1833   1252425942.5080    0     0.22 
  1832   1252425948.1160    0     0.22 
  1831   1252425953.4880    0     0.22 
  1830   1252425959.1440    0     0.22 
  1829   1252425964.6880    0     0.22 
  1828   1252425970.3720    0     0.22 
  1827   1252425975.7560    0     0.22 
  1826   1252425981.3800    0     0.22 
  1825   1252425986.7880    0     0.22 
  1824   1252425992.4720    0     0.22 
  1823   1252425998.0440    0     0.22 
  1822   1252426003.6000    0     0.22 
  1821   1252426009.0920    0     0.22 
  1820   1252426014.8840    0     0.22 
  1819   1252426020.2960    0     0.22 
  1818   1252426026.0520    0     0.22 
  1817   1252426031.4120    0     0.22 
  1816   1252426037.3280    0     0.22 
  1815   1252426042.8400    0     0.22 
  1814   1252426048.4160    0     0.22 
  1813   1252426054.0480    0     0.22 
  1812   1252426059.6800    0     0.22 
  1811   1252426065.3040    0     0.22 
  1810   1252426070.9360    0     0.22 
  1809   1252426076.5800    0     0.22 
  1808   1252426082.2680    0     0.22 
  1807   1252426087.8760    0     0.22 
  1806   1252426093.5120    0     0.22 
  1805   1252426099.2480    0     0.22 
  1804   1252426104.8680    0     0.22 
  1803   1252426110.4880    0     0.22 
  1802   1252426115.9800    0     0.22 
  1801   1252426121.7320    0     0.22 
  1800   1252426127.5160    0     0.22 
  1799   1252426133.2560    0     0.22 
  1798   1252426138.9360    0     0.22 
  1797   1252426144.4120    0     0.22 
  1796   1252426150.1200    0     0.22 
  1795   1252426155.7040    0     0.22 
  1794   1252426161.3760    0     0.22 
  1793   1252426167.0240    0     0.22 
  1792   1252426172.5880    0     0.22 
  1791   1252426178.3720    0     0.22 
  1790   1252426184.0360    0     0.22 
  1789   1252426189.6680    0     0.22 
  1788   1252426195.3080    0     0.22 
  1787   1252426200.8320    0     0.24 
  1786   1252426206.4320    0     0.24 
  1785   1252426212.2640    0     0.24 
  1784   1252426217.7600    0     0.24 
  1783   1252426223.6520    0     0.24 
  1782   1252426229.0680    0     0.24 
  1781   1252426234.9560    0     0.24 
  1780   1252426240.3520    0     0.24 
  1779   1252426246.0080    0     0.24 
  1778   1252426251.4680    0     0.24 
  1777   1252426257.2840    0     0.24 
  1776   1252426263.0520    0     0.24 
  1775   1252426268.7440    0     0.24 
  1774   1252426274.4040    0     0.24 
  1773   1252426280.0200    0     0.24 
  1772   1252426285.8120    0     0.24 
  1771   1252426291.5080    0     0.24 
  1770   1252426297.1120    0     0.24 
  1769   1252426302.8360    0     0.24 
  1768   1252426308.4080    0     0.24 
  1767   1252426314.4000    0     0.24 
  1766   1252426320.0880    0     0.24 
  1765   1252426325.8320    0     0.24 
  1764   1252426331.6440    0     0.24 
  1763   1252426337.1520    0     0.24 
  1762   1252426343.0480    0     0.24 
  1761   1252426348.5600    0     0.24 
  1760   1252426354.5040    0     0.24 
  1759   1252426360.0400    0     0.24 
  1758   1252426365.7240    0     0.24 
  1757   1252426371.6440    0     0.24 
  1756   1252426377.1200    0     0.24 
  1755   1252426382.9880    0     0.24 
  1754   1252426388.4680    0     0.24 
  1753   1252426394.3920    0     0.24 
  1752   1252426400.0240    0     0.24 
  1751   1252426405.6840    0     0.24 
  1750   1252426411.4120    0     0.24 
  1749   1252426417.1280    0     0.24 
  1748   1252426422.7920    0     0.24 
  1747   1252426428.4040    0     0.24 
  1746   1252426434.1000    0     0.24 
  1745   1252426439.5800    0     0.24 
  1744   1252426445.2520    0     0.24 
  1743   1252426450.7600    0     0.24 
  1742   1252426456.6880    0     0.24 
  1741   1252426462.0280    0     0.24 
  1740   1252426467.7520    0     0.24 
  1739   1252426473.2680    0     0.24 
  1738   1252426478.8760    0     0.24 
  1737   1252426484.5360    0     0.24 
  1736   1252426490.2600    0     0.24 
  1735   1252426495.8720    0     0.24 
  1734   1252426501.3520    0     0.24 
  1733   1252426507.0720    0     0.24 
  1732   1252426512.6680    0     0.24 
  1731   1252426518.2120    0     0.24 
  1730   1252426523.7120    0     0.24 
  1729   1252426529.2920    0     0.24 
  1728   1252426534.7080    0     0.24 
  1727   1252426540.3800    0     0.24 
  1726   1252426545.9840    0     0.24 
  1725   1252426551.3880    0     0.24 
  1724   1252426556.8240    0     0.24 
  1723   1252426562.2080    0     0.24 
  1722   1252426567.9360    0     0.24 
  1721   1252426573.3280    0     0.24 
  1720   1252426578.7960    0     0.24 
  1719   1252426584.3040    0     0.24 
  1718   1252426590.0640    0     0.24 
  1717   1252426595.5280    0     0.24 
  1716   1252426601.1280    0     0.24 
  1715   1252426606.4280    0     0.24 
  1714   1252426612.2120    0     0.24 
  1713   1252426617.9280    0     0.24 
  1712   1252426623.6120    0     0.24 
  1711   1252426629.2440    0     0.24 
  1710   1252426634.8560    0     0.24 
  1709   1252426640.5360    0     0.24 
  1708   1252426646.2360    0     0.24 
  1707   1252426651.9760    0     0.24 
  1706   1252426657.4360    0     0.24 
  1705   1252426663.1600    0     0.24 
  1704   1252426668.6560    0     0.24 
  1703   1252426674.4280    0     0.24 
  1702   1252426680.0440    0     0.24 
  1701   1252426685.8040    0     0.24 
  1700   1252426691.4400    0     0.24 
  1699   1252426697.0120    0     0.24 
  1698   1252426702.5960    0     0.24 
  1697   1252426708.2000    0     0.24 
  1696   1252426714.0120    0     0.24 
  1695   1252426719.6360    0     0.24 
  1694   1252426725.1560    0     0.24 
  1693   1252426730.6440    0     0.24 
  1692   1252426736.2600    0     0.24 
  1691   1252426742.0240    0     0.24 
  1690   1252426747.7000    0     0.24 
  1689   1252426753.1480    0     0.24 
  1688   1252426758.9040    0     0.24 
  1687   1252426764.5480    0     0.24 
  1686   1252426770.1640    0     0.24 
  1685   1252426775.6200    0     0.24 
  1684   1252426781.2440    0     0.24 
  1683   1252426787.0320    0     0.24 
  1682   1252426792.7800    0     0.24 
  1681   1252426798.1760    0     0.24 
  1680   1252426803.7960    0     0.22 
  1679   1252426809.3080    0     0.22 
  1678   1252426815.1080    0     0.22 
  1677   1252426820.8600    0     0.22 
  1676   1252426826.4240    0     0.22 
  1675   1252426832.2320    0     0.22 
  1674   1252426837.7000    0     0.22 
  1673   1252426843.4840    0     0.22 
  1672   1252426849.0360    0     0.22 
  1671   1252426854.8280    0     0.22 
  1670   1252426860.5440    0     0.22 
  1669   1252426866.3080    0     0.22 
  1668   1252426872.0160    0     0.22 
  1667   1252426877.5040    0     0.22 
  1666   1252426883.1520    0     0.22 
  1665   1252426888.7600    0     0.22 
  1664   1252426894.6040    0     0.22 
  1663   1252426899.9720    0     0.22 
  1662   1252426906.0480    0     0.22 
  1661   1252426911.5000    0     0.22 
  1660   1252426917.4160    0     0.22 
  1659   1252426922.9640    0     0.22 
  1658   1252426928.7520    0     0.22 
  1657   1252426934.3800    0     0.22 
  1656   1252426940.0040    0     0.22 
  1655   1252426945.5800    0     0.22 
  1654   1252426951.1320    0     0.22 
  1653   1252426956.8120    0     0.22 
  1652   1252426962.2280    0     0.22 
  1651   1252426967.9600    0     0.22 
  1650   1252426973.4400    0     0.22 
  1649   1252426979.4600    0     0.22 
  1648   1252426984.8440    0     0.22 
  1647   1252426990.6920    0     0.22 
  1646   1252426996.3320    0     0.22 
  1645   1252427001.9240    0     0.22 
  1644   1252427007.5360    0     0.22 
  1643   1252427013.2000    0     0.22 
  1642   1252427018.8840    0     0.22 
  1641   1252427024.4440    0     0.22 
  1640   1252427030.1200    0     0.22 
  1639   1252427035.6920    0     0.22 
  1638   1252427041.2080    0     0.22 
  1637   1252427047.1440    0     0.22 
  1636   1252427052.8920    0     0.22 
  1635   1252427058.5840    0     0.22 
  1634   1252427064.4040    0     0.22 
  1633   1252427070.1240    0     0.22 
  1632   1252427075.7640    0     0.22 
  1631   1252427081.4360    0     0.22 
  1630   1252427086.9400    0     0.22 
  1629   1252427092.7040    0     0.22 
  1628   1252427098.3440    0     0.22 
  1627   1252427103.9400    0     0.22 
  1626   1252427109.4800    0     0.22 
  1625   1252427115.0720    0     0.22 
  1624   1252427120.7280    0     0.22 
  1623   1252427126.2040    0     0.22 
  1622   1252427131.8160    0     0.22 
  1621   1252427137.2680    0     0.22 
  1620   1252427142.8800    0     0.22 
  1619   1252427148.5280    0     0.22 
  1618   1252427154.0280    0     0.22 
  1617   1252427159.7240    0     0.22 
  1616   1252427165.2000    0     0.22 
  1615   1252427170.8400    0     0.22 
  1614   1252427176.6040    0     0.22 
  1613   1252427182.0960    0     0.22 
  1612   1252427187.8800    0     0.22 
  1611   1252427193.3440    0     0.22 
  1610   1252427199.0040    0     0.22 
  1609   1252427204.5760    0     0.22 
  1608   1252427210.1400    0     0.22 
  1607   1252427215.6800    0     0.22 
  1606   1252427221.0480    0     0.22 
  1605   1252427226.6360    0     0.22 
  1604   1252427232.1360    0     0.22 
  1603   1252427237.9440    0     0.22 
  1602   1252427243.5240    0     0.22 
  1601   1252427248.9000    0     0.22 
  1600   1252427254.4880    0     0.22 
  1599   1252427259.8800    0     0.22 
  1598   1252427265.8560    0     0.22 
  1597   1252427271.3720    0     0.22 
  1596   1252427277.0400    0     0.22 
  1595   1252427282.4120    0     0.22 
  1594   1252427288.1280    0     0.22 
  1593   1252427293.7800    0     0.22 
  1592   1252427299.3320    0     0.22 
  1591   1252427305.0800    0     0.22 
  1590   1252427310.3200    0     0.22 
  1589   1252427316.2040    0     0.22 
  1588   1252427321.5280    0     0.22 
  1587   1252427327.2400    0     0.22 
  1586   1252427332.6320    0     0.22 
  1585   1252427338.2960    0     0.22 
  1584   1252427343.5600    0     0.22 
  1583   1252427349.1800    0     0.22 
  1582   1252427354.5760    0     0.22 
  1581   1252427360.2600    0     0.22 
  1580   1252427365.7520    0     0.22 
  1579   1252427371.2240    0     0.22 
  1578   1252427377.2560    0     0.22 
  1577   1252427382.4680    0     0.22 
  1576   1252427388.2520    0     0.22 
  1575   1252427393.6760    0     0.22 
  1574   1252427399.3760    0     0.23 
  1573   1252427404.8520    0     0.24 
  1572   1252427410.3520    0     0.24 
  1571   1252427415.9640    0     0.24 
  1570   1252427421.4840    0     0.24 
  1569   1252427427.0760    0     0.24 
  1568   1252427432.5160    0     0.24 
  1567   1252427438.0080    0     0.24 
  1566   1252427443.4080    0     0.24 
  1565   1252427449.0040    0     0.24 
  1564   1252427454.6320    0     0.24 
  1563   1252427459.9880    0     0.24 
  1562   1252427465.5600    0     0.24 
  1561   1252427471.0160    0     0.24 
  1560   1252427476.5520    0     0.24 
  1559   1252427482.2440    0     0.24 
  1558   1252427487.7120    0     0.24 
  1557   1252427493.5000    0     0.24 
  1556   1252427498.8640    0     0.24 
  1555   1252427504.3440    0     0.24 
  1554   1252427509.8200    0     0.24 
  1553   1252427515.1880    0     0.24 
  1552   1252427520.6880    0     0.24 
  1551   1252427526.0960    0     0.24 
  1550   1252427531.5800    0     0.24 
  1549   1252427537.0440    0     0.24 
  1548   1252427542.5560    0     0.24 
  1547   1252427547.8800    0     0.24 
  1546   1252427553.6240    0     0.24 
  1545   1252427558.9840    0     0.24 
  1544   1252427564.7400    0     0.24 
  1543   1252427570.1080    0     0.24 
  1542   1252427575.7280    0     0.24 
  1541   1252427580.9960    0     0.24 
  1540   1252427586.4880    0     0.24 
  1539   1252427592.0200    0     0.24 
  1538   1252427597.5880    0     0.24 
  1537   1252427602.8760    0     0.24 
  1536   1252427608.4400    0     0.24 
  1535   1252427613.7320    0     0.24 
  1534   1252427619.3560    0     0.24 
  1533   1252427624.6600    0     0.24 
  1532   1252427630.2280    0     0.24 
  1531   1252427635.6320    0     0.24 
  1530   1252427641.0480    0     0.24 
  1529   1252427646.5560    0     0.24 
  1528   1252427651.8320    0     0.24 
  1527   1252427657.6160    0     0.24 
  1526   1252427662.8520    0     0.24 
  1525   1252427668.4600    0     0.24 
  1524   1252427673.7640    0     0.24 
  1523   1252427679.5560    0     0.24 
  1522   1252427684.9920    0     0.24 
  1521   1252427690.6040    0     0.24 
  1520   1252427696.0280    0     0.24 
  1519   1252427701.6240    0     0.24 
  1518   1252427707.1240    0     0.24 
  1517   1252427712.4760    0     0.24 
  1516   1252427718.1160    0     0.24 
  1515   1252427723.4480    0     0.24 
  1514   1252427729.0200    0     0.24 
  1513   1252427734.4480    0     0.24 
  1512   1252427740.0560    0     0.24 
  1511   1252427745.6680    0     0.24 
  1510   1252427751.1920    0     0.24 
  1509   1252427756.6400    0     0.24 
  1508   1252427762.0120    0     0.24 
  1507   1252427767.5400    0     0.24 
  1506   1252427773.1520    0     0.24 
  1505   1252427778.6160    0     0.24 
  1504   1252427784.2160    0     0.24 
  1503   1252427789.8320    0     0.24 
  1502   1252427795.3600    0     0.24 
  1501   1252427800.9120    0     0.24 
  1500   1252427806.6160    0     0.24 
  1499   1252427812.3640    0     0.24 
  1498   1252427817.9080    0     0.24 
  1497   1252427823.5240    0     0.24 
  1496   1252427829.2320    0     0.24 
  1495   1252427834.7200    0     0.24 
  1494   1252427840.4040    0     0.24 
  1493   1252427845.9760    0     0.24 
  1492   1252427851.8160    0     0.24 
  1491   1252427857.3320    0     0.24 
  1490   1252427862.9920    0     0.24 
  1489   1252427868.4160    0     0.24 
  1488   1252427873.9640    0     0.24 
  1487   1252427879.5560    0     0.24 
  1486   1252427885.1240    0     0.24 
  1485   1252427890.5240    0     0.24 
  1484   1252427896.0720    0     0.24 
  1483   1252427901.5960    0     0.24 
  1482   1252427907.1960    0     0.24 
  1481   1252427912.6400    0     0.24 
  1480   1252427918.3480    0     0.24 
  1479   1252427923.6760    0     0.24 
  1478   1252427929.3440    0     0.24 
  1477   1252427934.8200    0     0.24 
  1476   1252427940.4440    0     0.24 
  1475   1252427946.0240    0     0.24 
  1474   1252427951.5080    0     0.24 
  1473   1252427957.0400    0     0.24 
  1472   1252427962.4920    0     0.24 
  1471   1252427968.0680    0     0.24 
  1470   1252427973.5920    0     0.24 
  1469   1252427979.0440    0     0.24 
  1468   1252427984.7840    0     0.24 
  1467   1252427990.3360    0     0.24 
  1466   1252427995.8120    0     0.24 
  1465   1252428001.3960    0     0.20 
  1464   1252428006.7800    0     0.20 
  1463   1252428012.4960    0     0.20 
  1462   1252428017.9520    0     0.20 
  1461   1252428023.4520    0     0.20 
  1460   1252428029.0200    0     0.20 
  1459   1252428034.3600    0     0.20 
  1458   1252428039.8480    0     0.20 
  1457   1252428045.5440    0     0.20 
  1456   1252428050.9960    0     0.20 
  1455   1252428056.5480    0     0.20 
  1454   1252428062.0400    0     0.20 
  1453   1252428067.7440    0     0.20 
  1452   1252428073.1560    0     0.20 
  1451   1252428078.8280    0     0.20 
  1450   1252428084.5680    0     0.20 
  1449   1252428090.1160    0     0.20 
  1448   1252428095.7600    0     0.20 
  1447   1252428101.1720    0     0.20 
  1446   1252428106.7760    0     0.20 
  1445   1252428112.2400    0     0.20 
  1444   1252428117.6880    0     0.20 
  1443   1252428123.2880    0     0.20 
  1442   1252428128.9280    0     0.20 
  1441   1252428134.5000    0     0.20 
  1440   1252428140.0480    0     0.20 
  1439   1252428145.6160    0     0.20 
  1438   1252428150.9440    0     0.20 
  1437   1252428156.5840    0     0.20 
  1436   1252428161.9640    0     0.20 
  1435   1252428167.5160    0     0.20 
  1434   1252428173.0920    0     0.20 
  1433   1252428178.8920    0     0.20 
  1432   1252428184.3320    0     0.20 
  1431   1252428190.0200    0     0.20 
  1430   1252428195.4920    0     0.20 
  1429   1252428201.3960    0     0.20 
  1428   1252428207.0320    0     0.20 
  1427   1252428212.6400    0     0.20 
  1426   1252428218.1520    0     0.20 
  1425   1252428224.0400    0     0.20 
  1424   1252428229.6920    0     0.20 
  1423   1252428235.2800    0     0.20 
  1422   1252428240.8520    0     0.20 
  1421   1252428246.6320    0     0.20 
  1420   1252428252.2880    0     0.20 
  1419   1252428257.9800    0     0.20 
  1418   1252428263.6480    0     0.20 
  1417   1252428269.2680    0     0.20 
  1416   1252428274.7320    0     0.20 
  1415   1252428280.3480    0     0.20 
  1414   1252428285.8480    0     0.20 
  1413   1252428291.5400    0     0.20 
  1412   1252428297.1320    0     0.20 
  1411   1252428302.5440    0     0.20 
  1410   1252428308.1960    0     0.20 
  1409   1252428313.5360    0     0.20 
  1408   1252428319.1480    0     0.20 
  1407   1252428324.6280    0     0.20 
  1406   1252428330.3200    0     0.20 
  1405   1252428335.8640    0     0.20 
  1404   1252428341.3720    0     0.20 
  1403   1252428346.9320    0     0.20 
  1402   1252428352.3680    0     0.20 
  1401   1252428358.1680    0     0.20 
  1400   1252428363.5480    0     0.20 
  1399   1252428369.6080    0     0.20 
  1398   1252428375.0440    0     0.20 
  1397   1252428380.9600    0     0.20 
  1396   1252428386.3440    0     0.20 
  1395   1252428392.2200    0     0.20 
  1394   1252428397.6720    0     0.20 
  1393   1252428403.3240    0     0.20 
  1392   1252428408.9080    0     0.20 
  1391   1252428414.5000    0     0.20 
  1390   1252428419.9200    0     0.20 
  1389   1252428425.6520    0     0.20 
  1388   1252428431.1520    0     0.20 
  1387   1252428436.7720    0     0.20 
  1386   1252428442.2200    0     0.20 
  1385   1252428447.8400    0     0.20 
  1384   1252428453.2080    0     0.20 
  1383   1252428458.9920    0     0.20 
  1382   1252428464.6240    0     0.20 
  1381   1252428470.1960    0     0.20 
  1380   1252428475.8680    0     0.20 
  1379   1252428481.4120    0     0.20 
  1378   1252428487.0480    0     0.20 
  1377   1252428492.7360    0     0.20 
  1376   1252428498.5800    0     0.20 
  1375   1252428504.0200    0     0.20 
  1374   1252428509.7480    0     0.20 
  1373   1252428515.2880    0     0.20 
  1372   1252428521.0680    0     0.20 
  1371   1252428526.6280    0     0.20 
  1370   1252428532.3080    0     0.20 
  1369   1252428537.8800    0     0.20 
  1368   1252428543.5240    0     0.20 
  1367   1252428548.8680    0     0.20 
  1366   1252428554.4800    0     0.20 
  1365   1252428559.9600    0     0.20 
  1364   1252428565.6680    0     0.20 
  1363   1252428571.0920    0     0.20 
  1362   1252428576.7240    0     0.20 
  1361   1252428582.2040    0     0.20 
  1360   1252428587.9360    0     0.20 
  1359   1252428593.3920    0     0.20 
  1358   1252428598.8400    0     0.20 
  1357   1252428604.5480    0     0.22 
  1356   1252428609.9480    0     0.22 
  1355   1252428615.7200    0     0.22 
  1354   1252428620.9520    0     0.22 
  1353   1252428626.7000    0     0.22 
  1352   1252428632.0600    0     0.22 
  1351   1252428637.9440    0     0.22 
  1350   1252428643.5360    0     0.22 
  1349   1252428649.3200    0     0.22 
  1348   1252428655.0600    0     0.22 
  1347   1252428660.5120    0     0.22 
  1346   1252428666.4280    0     0.22 
  1345   1252428671.7680    0     0.22 
  1344   1252428677.5600    0     0.22 
  1343   1252428682.9920    0     0.22 
  1342   1252428688.8600    0     0.22 
  1341   1252428694.2200    0     0.22 
  1340   1252428699.7880    0     0.22 
  1339   1252428705.6560    0     0.22 
  1338   1252428711.3720    0     0.22 
  1337   1252428717.2120    0     0.22 
  1336   1252428723.0800    0     0.22 
  1335   1252428728.6240    0     0.22 
  1334   1252428734.4520    0     0.22 
  1333   1252428740.0680    0     0.22 
  1332   1252428745.8120    0     0.22 
  1331   1252428751.8080    0     0.22 
  1330   1252428757.6280    0     0.22 
  1329   1252428763.0960    0     0.22 
  1328   1252428768.7680    0     0.22 
  1327   1252428774.3440    0     0.22 
  1326   1252428780.0000    0     0.22 
  1325   1252428785.5960    0     0.22 
  1324   1252428791.2080    0     0.22 
  1323   1252428796.7880    0     0.22 
  1322   1252428802.2280    0     0.22 
  1321   1252428807.9440    0     0.22 
  1320   1252428813.4800    0     0.22 
  1319   1252428818.9600    0     0.22 
  1318   1252428824.5960    0     0.22 
  1317   1252428829.9480    0     0.22 
  1316   1252428835.3680    0     0.22 
  1315   1252428840.8680    0     0.22 
  1314   1252428846.3920    0     0.22 
  1313   1252428851.8560    0     0.22 
  1312   1252428857.4720    0     0.22 
  1311   1252428862.9680    0     0.22 
  1310   1252428868.4520    0     0.22 
  1309   1252428874.1360    0     0.22 
  1308   1252428879.6080    0     0.22 
  1307   1252428885.0480    0     0.22 
  1306   1252428890.6440    0     0.22 
  1305   1252428896.2000    0     0.22 
  1304   1252428901.9520    0     0.22 
  1303   1252428907.4960    0     0.22 
  1302   1252428913.2160    0     0.22 
  1301   1252428918.7480    0     0.22 
  1300   1252428924.3040    0     0.22 
  1299   1252428929.8160    0     0.22 
  1298   1252428935.4200    0     0.22 
  1297   1252428941.0560    0     0.22 
  1296   1252428946.4720    0     0.22 
  1295   1252428952.4040    0     0.22 
  1294   1252428957.8840    0     0.22 
  1293   1252428963.6720    0     0.22 
  1292   1252428969.0800    0     0.22 
  1291   1252428974.5720    0     0.22 
  1290   1252428980.1320    0     0.22 
  1289   1252428985.5800    0     0.22 
  1288   1252428991.2320    0     0.22 
  1287   1252428996.6200    0     0.22 
  1286   1252429002.0480    0     0.22 
  1285   1252429007.6160    0     0.22 
  1284   1252429013.0680    0     0.22 
  1283   1252429018.4720    0     0.22 
  1282   1252429024.0080    0     0.22 
  1281   1252429029.5360    0     0.22 
  1280   1252429035.0360    0     0.22 
  1279   1252429040.7920    0     0.22 
  1278   1252429046.3680    0     0.22 
  1277   1252429051.9520    0     0.22 
  1276   1252429057.4440    0     0.22 
  1275   1252429062.9280    0     0.22 
  1274   1252429068.6440    0     0.22 
  1273   1252429074.2520    0     0.22 
  1272   1252429080.1840    0     0.22 
  1271   1252429085.5600    0     0.22 
  1270   1252429091.3200    0     0.22 
  1269   1252429096.8960    0     0.22 
  1268   1252429102.5800    0     0.22 
  1267   1252429108.2800    0     0.22 
  1266   1252429113.7960    0     0.22 
  1265   1252429119.2160    0     0.22 
  1264   1252429124.9800    0     0.22 
  1263   1252429130.5760    0     0.22 
  1262   1252429136.2800    0     0.22 
  1261   1252429141.8080    0     0.22 
  1260   1252429147.3640    0     0.22 
  1259   1252429152.9200    0     0.22 
  1258   1252429158.6360    0     0.22 
  1257   1252429164.0240    0     0.22 
  1256   1252429169.5960    0     0.22 
  1255   1252429175.2560    0     0.22 
  1254   1252429180.9120    0     0.22 
  1253   1252429186.6680    0     0.22 
  1252   1252429192.3400    0     0.22 
  1251   1252429198.2120    0     0.22 
  1250   1252429203.8800    0     0.21 
  1249   1252429209.6840    0     0.21 
  1248   1252429215.1040    0     0.21 
  1247   1252429220.8160    0     0.21 
  1246   1252429226.4960    0     0.21 
  1245   1252429232.0840    0     0.21 
  1244   1252429237.7360    0     0.21 
  1243   1252429243.4360    0     0.21 
  1242   1252429248.9840    0     0.21 
  1241   1252429254.5360    0     0.21 
  1240   1252429259.9840    0     0.21 
  1239   1252429265.6400    0     0.21 
  1238   1252429270.9040    0     0.21 
  1237   1252429276.5560    0     0.21 
  1236   1252429282.0760    0     0.21 
  1235   1252429287.4120    0     0.21 
  1234   1252429292.8600    0     0.21 
  1233   1252429298.4360    0     0.21 
  1232   1252429304.0400    0     0.21 
  1231   1252429309.5320    0     0.21 
  1230   1252429314.8760    0     0.21 
  1229   1252429320.5600    0     0.21 
  1228   1252429326.0800    0     0.21 
  1227   1252429331.6040    0     0.21 
  1226   1252429337.0800    0     0.21 
  1225   1252429342.7800    0     0.21 
  1224   1252429348.2800    0     0.21 
  1223   1252429353.7680    0     0.21 
  1222   1252429359.2400    0     0.21 
  1221   1252429364.9400    0     0.21 
  1220   1252429370.5960    0     0.21 
  1219   1252429375.8600    0     0.21 
  1218   1252429381.6080    0     0.21 
  1217   1252429386.9840    0     0.21 
  1216   1252429392.6960    0     0.21 
  1215   1252429398.3680    0     0.21 
  1214   1252429403.9520    0     0.21 
  1213   1252429409.5360    0     0.21 
  1212   1252429414.9240    0     0.21 
  1211   1252429420.4600    0     0.21 
  1210   1252429425.9440    0     0.21 
  1209   1252429431.7960    0     0.21 
  1208   1252429437.0840    0     0.21 
  1207   1252429442.8840    0     0.21 
  1206   1252429448.4600    0     0.21 
  1205   1252429454.2320    0     0.21 
  1204   1252429459.5880    0     0.21 
  1203   1252429465.3160    0     0.21 
  1202   1252429470.9760    0     0.21 
  1201   1252429476.3600    0     0.21 
  1200   1252429482.1640    0     0.21 
  1199   1252429487.6160    0     0.21 
  1198   1252429493.5360    0     0.21 
  1197   1252429498.9800    0     0.21 
  1196   1252429504.5320    0     0.21 
  1195   1252429510.1360    0     0.21 
  1194   1252429515.7040    0     0.21 
  1193   1252429521.6240    0     0.21 
  1192   1252429527.3160    0     0.21 
  1191   1252429533.0440    0     0.21 
  1190   1252429538.7600    0     0.21 
  1189   1252429544.4480    0     0.21 
  1188   1252429550.1520    0     0.21 
  1187   1252429556.0160    0     0.21 
  1186   1252429561.4000    0     0.21 
  1185   1252429567.3360    0     0.21 
  1184   1252429572.7640    0     0.21 
  1183   1252429578.5200    0     0.21 
  1182   1252429584.1080    0     0.21 
  1181   1252429590.0080    0     0.21 
  1180   1252429595.7360    0     0.21 
  1179   1252429601.4400    0     0.21 
  1178   1252429607.0200    0     0.21 
  1177   1252429612.7440    0     0.21 
  1176   1252429618.3240    0     0.21 
  1175   1252429624.0200    0     0.21 
  1174   1252429629.6080    0     0.21 
  1173   1252429635.3200    0     0.21 
  1172   1252429640.9320    0     0.21 
  1171   1252429646.6880    0     0.21 
  1170   1252429652.3840    0     0.21 
  1169   1252429658.0680    0     0.21 
  1168   1252429663.7640    0     0.21 
  1167   1252429669.4960    0     0.21 
  1166   1252429674.9120    0     0.21 
  1165   1252429680.6760    0     0.21 
  1164   1252429686.1400    0     0.21 
  1163   1252429691.9680    0     0.21 
  1162   1252429697.4800    0     0.21 
  1161   1252429703.1200    0     0.21 
  1160   1252429708.5600    0     0.21 
  1159   1252429714.2880    0     0.21 
  1158   1252429720.1120    0     0.21 
  1157   1252429725.7720    0     0.21 
  1156   1252429731.2800    0     0.21 
  1155   1252429737.2080    0     0.21 
  1154   1252429742.7640    0     0.21 
  1153   1252429748.4360    0     0.21 
  1152   1252429753.9600    0     0.21 
  1151   1252429759.4200    0     0.21 
  1150   1252429764.9880    0     0.21 
  1149   1252429770.6200    0     0.21 
  1148   1252429776.3640    0     0.21 
  1147   1252429782.1880    0     0.21 
  1146   1252429787.6520    0     0.21 
  1145   1252429793.4200    0     0.21 
  1144   1252429799.0120    0     0.21 
  1143   1252429804.7320    0     0.21 
  1142   1252429810.2320    0     0.21 
  1141   1252429815.8800    0     0.21 
  1140   1252429821.6080    0     0.21 
  1139   1252429827.3480    0     0.21 
  1138   1252429833.0480    0     0.21 
  1137   1252429838.5000    0     0.21 
  1136   1252429844.3600    0     0.21 
  1135   1252429850.0560    0     0.21 
  1134   1252429855.6040    0     0.21 
  1133   1252429861.2680    0     0.21 
  1132   1252429866.6800    0     0.21 
  1131   1252429872.6000    0     0.21 
  1130   1252429878.1840    0     0.21 
  1129   1252429884.0160    0     0.21 
  1128   1252429889.7520    0     0.21 
  1127   1252429895.7080    0     0.21 
  1126   1252429901.5280    0     0.21 
  1125   1252429907.1760    0     0.21 
  1124   1252429913.2240    0     0.21 
  1123   1252429918.8720    0     0.21 
  1122   1252429924.7960    0     0.21 
  1121   1252429930.3400    0     0.21 
  1120   1252429936.1200    0     0.21 
  1119   1252429941.8360    0     0.21 
  1118   1252429947.7040    0     0.21 
  1117   1252429953.4120    0     0.21 
  1116   1252429959.2120    0     0.21 
  1115   1252429964.9000    0     0.21 
  1114   1252429970.5880    0     0.21 
  1113   1252429976.4680    0     0.21 
  1112   1252429982.3800    0     0.21 
  1111   1252429988.0200    0     0.21 
  1110   1252429993.6240    0     0.21 
  1109   1252429999.4560    0     0.21 
  1108   1252430005.0760    0     0.21 
  1107   1252430010.9720    0     0.21 
  1106   1252430016.4640    0     0.21 
  1105   1252430022.0360    0     0.21 
  1104   1252430027.5920    0     0.21 
  1103   1252430033.2280    0     0.21 
  1102   1252430038.9360    0     0.21 
  1101   1252430044.6560    0     0.21 
  1100   1252430050.0680    0     0.21 
  1099   1252430055.7320    0     0.21 
  1098   1252430061.2800    0     0.21 
  1097   1252430066.9840    0     0.21 
  1096   1252430072.7600    0     0.21 
  1095   1252430078.2800    0     0.21 
  1094   1252430084.1920    0     0.21 
  1093   1252430089.8440    0     0.21 
  1092   1252430095.6920    0     0.21 
  1091   1252430101.3640    0     0.21 
  1090   1252430107.0200    0     0.21 
  1089   1252430113.1800    0     0.21 
  1088   1252430118.6640    0     0.21 
  1087   1252430124.7800    0     0.21 
