# UltraTide data for line 1595P1041/nrt
#Shot    Time               status  ultraTide 
#Name: ACO.ULTRATIDE1
  1088   1252443875.4880    0     -0.05 
  1089   1252443880.8320    0     -0.05 
  1090   1252443886.1920    0     -0.05 
  1091   1252443891.8160    0     -0.05 
  1092   1252443897.5080    0     -0.05 
  1093   1252443902.9160    0     -0.05 
  1094   1252443908.5160    0     -0.05 
  1095   1252443914.0960    0     -0.05 
  1096   1252443919.4800    0     -0.05 
  1097   1252443925.0280    0     -0.05 
  1098   1252443930.8640    0     -0.05 
  1099   1252443936.2920    0     -0.05 
  1100   1252443941.7680    0     -0.05 
  1101   1252443947.2520    0     -0.05 
  1102   1252443952.7600    0     -0.05 
  1103   1252443957.9240    0     -0.05 
  1104   1252443963.4400    0     -0.05 
  1105   1252443968.9560    0     -0.05 
  1106   1252443974.3000    0     -0.05 
  1107   1252443980.1160    0     -0.05 
  1108   1252443985.4760    0     -0.05 
  1109   1252443991.0960    0     -0.05 
  1110   1252443996.2720    0     -0.05 
  1111   1252444001.5720    0     -0.05 
  1112   1252444006.9640    0     -0.05 
  1113   1252444012.5000    0     -0.05 
  1114   1252444017.7680    0     -0.05 
  1115   1252444023.3320    0     -0.05 
  1116   1252444028.9960    0     -0.05 
  1117   1252444034.2920    0     -0.05 
  1118   1252444039.6560    0     -0.05 
  1119   1252444045.0720    0     -0.05 
  1120   1252444050.5840    0     -0.05 
  1121   1252444056.4360    0     -0.05 
  1122   1252444061.5680    0     -0.05 
  1123   1252444067.0680    0     -0.05 
  1124   1252444073.1560    0     -0.05 
  1125   1252444078.8160    0     -0.05 
  1126   1252444084.1120    0     -0.05 
  1127   1252444089.8120    0     -0.05 
  1128   1252444095.3120    0     -0.05 
  1129   1252444100.9280    0     -0.05 
  1130   1252444106.8000    0     -0.05 
  1131   1252444112.0600    0     -0.05 
  1132   1252444117.7360    0     -0.05 
  1133   1252444123.4720    0     -0.05 
  1134   1252444128.5960    0     -0.05 
  1135   1252444134.1960    0     -0.05 
  1136   1252444139.7480    0     -0.05 
  1137   1252444145.0080    0     -0.05 
  1138   1252444150.6440    0     -0.05 
  1139   1252444156.1440    0     -0.05 
  1140   1252444161.5360    0     -0.05 
  1141   1252444166.9720    0     -0.05 
  1142   1252444172.3320    0     -0.05 
  1143   1252444177.8720    0     -0.05 
  1144   1252444183.5320    0     -0.05 
  1145   1252444189.1560    0     -0.05 
  1146   1252444194.7320    0     -0.05 
  1147   1252444200.0480    0     -0.07 
  1148   1252444205.8200    0     -0.07 
  1149   1252444211.7120    0     -0.07 
  1150   1252444217.0200    0     -0.07 
  1151   1252444222.6600    0     -0.07 
  1152   1252444228.5160    0     -0.07 
  1153   1252444233.8440    0     -0.07 
  1154   1252444239.1600    0     -0.07 
  1155   1252444245.2200    0     -0.07 
  1156   1252444250.7160    0     -0.07 
  1157   1252444256.0640    0     -0.07 
  1158   1252444261.9320    0     -0.07 
  1159   1252444267.6280    0     -0.07 
  1160   1252444273.0160    0     -0.07 
  1161   1252444278.5000    0     -0.07 
  1162   1252444284.1760    0     -0.07 
  1163   1252444289.4600    0     -0.07 
  1164   1252444294.8160    0     -0.07 
  1165   1252444300.3920    0     -0.07 
  1166   1252444305.9120    0     -0.07 
  1167   1252444311.3680    0     -0.07 
  1168   1252444317.0400    0     -0.07 
  1169   1252444322.5480    0     -0.07 
  1170   1252444328.1840    0     -0.07 
  1171   1252444333.3960    0     -0.07 
  1172   1252444338.9880    0     -0.07 
  1173   1252444344.7000    0     -0.07 
  1174   1252444350.1160    0     -0.07 
  1175   1252444355.7640    0     -0.07 
  1176   1252444361.3560    0     -0.07 
  1177   1252444366.9120    0     -0.07 
  1178   1252444372.3640    0     -0.07 
  1179   1252444377.7760    0     -0.07 
  1180   1252444383.3680    0     -0.07 
  1181   1252444388.9960    0     -0.07 
  1182   1252444394.4680    0     -0.07 
  1183   1252444399.9600    0     -0.07 
  1184   1252444405.4200    0     -0.07 
  1185   1252444410.8880    0     -0.07 
  1186   1252444416.3240    0     -0.07 
  1187   1252444421.9880    0     -0.07 
  1188   1252444427.0800    0     -0.07 
  1189   1252444432.5080    0     -0.07 
  1190   1252444438.3360    0     -0.07 
  1191   1252444443.7280    0     -0.07 
  1192   1252444449.0880    0     -0.07 
  1193   1252444454.6440    0     -0.07 
  1194   1252444459.9320    0     -0.07 
  1195   1252444465.4360    0     -0.07 
  1196   1252444470.4880    0     -0.07 
  1197   1252444475.9760    0     -0.07 
  1198   1252444481.7800    0     -0.07 
  1199   1252444487.2880    0     -0.07 
  1200   1252444492.4800    0     -0.07 
  1201   1252444498.2520    0     -0.07 
  1202   1252444503.5640    0     -0.07 
  1203   1252444508.7840    0     -0.07 
  1204   1252444514.4400    0     -0.07 
  1205   1252444519.9440    0     -0.07 
  1206   1252444525.3680    0     -0.07 
  1207   1252444531.0880    0     -0.07 
  1208   1252444536.6400    0     -0.07 
  1209   1252444542.3240    0     -0.07 
  1210   1252444548.0680    0     -0.07 
  1211   1252444553.4240    0     -0.07 
  1212   1252444559.0920    0     -0.07 
  1213   1252444564.7520    0     -0.07 
  1214   1252444570.2360    0     -0.07 
  1215   1252444576.1240    0     -0.07 
  1216   1252444581.8360    0     -0.07 
  1217   1252444587.2680    0     -0.07 
  1218   1252444592.8840    0     -0.07 
  1219   1252444598.7960    0     -0.07 
  1220   1252444604.2920    0     -0.07 
  1221   1252444609.5320    0     -0.07 
  1222   1252444615.1240    0     -0.07 
  1223   1252444620.5640    0     -0.07 
  1224   1252444625.7640    0     -0.07 
  1225   1252444631.2400    0     -0.07 
  1226   1252444636.5760    0     -0.07 
  1227   1252444642.0480    0     -0.07 
  1228   1252444647.2680    0     -0.07 
  1229   1252444652.7640    0     -0.07 
  1230   1252444658.1520    0     -0.07 
  1231   1252444663.4440    0     -0.07 
  1232   1252444668.6640    0     -0.07 
  1233   1252444674.2480    0     -0.07 
  1234   1252444679.4000    0     -0.07 
  1235   1252444684.8760    0     -0.07 
  1236   1252444690.3880    0     -0.07 
  1237   1252444695.8360    0     -0.07 
  1238   1252444701.3360    0     -0.07 
  1239   1252444707.0520    0     -0.07 
  1240   1252444712.6040    0     -0.07 
  1241   1252444718.5600    0     -0.07 
  1242   1252444724.0640    0     -0.07 
  1243   1252444729.6480    0     -0.07 
  1244   1252444735.1680    0     -0.07 
  1245   1252444740.3920    0     -0.07 
  1246   1252444746.3600    0     -0.07 
  1247   1252444752.1800    0     -0.07 
  1248   1252444758.0200    0     -0.07 
  1249   1252444763.7560    0     -0.07 
  1250   1252444770.0440    0     -0.07 
  1251   1252444776.1240    0     -0.07 
  1252   1252444781.8960    0     -0.07 
  1253   1252444787.5200    0     -0.07 
  1254   1252444793.5520    0     -0.07 
  1255   1252444799.3560    0     -0.06 
  1256   1252444805.2560    0     -0.05 
  1257   1252444811.1920    0     -0.05 
  1258   1252444817.2080    0     -0.05 
  1259   1252444822.7040    0     -0.05 
  1260   1252444828.3160    0     -0.05 
  1261   1252444834.2040    0     -0.05 
  1262   1252444839.8760    0     -0.05 
  1263   1252444845.8160    0     -0.05 
  1264   1252444851.8160    0     -0.05 
  1265   1252444857.4480    0     -0.05 
  1266   1252444863.1680    0     -0.05 
  1267   1252444868.9840    0     -0.05 
  1268   1252444874.4960    0     -0.05 
  1269   1252444880.2080    0     -0.05 
  1270   1252444886.1000    0     -0.05 
  1271   1252444891.8320    0     -0.05 
  1272   1252444897.3440    0     -0.05 
  1273   1252444903.5520    0     -0.05 
  1274   1252444909.4600    0     -0.05 
  1275   1252444915.0600    0     -0.05 
  1276   1252444920.9240    0     -0.05 
  1277   1252444926.3960    0     -0.05 
  1278   1252444932.0840    0     -0.05 
  1279   1252444937.8080    0     -0.05 
  1280   1252444943.6160    0     -0.05 
  1281   1252444949.2800    0     -0.05 
  1282   1252444954.8520    0     -0.05 
  1283   1252444960.4360    0     -0.05 
  1284   1252444966.2040    0     -0.05 
  1285   1252444971.6600    0     -0.05 
  1286   1252444977.1920    0     -0.05 
  1287   1252444983.1200    0     -0.05 
  1288   1252444988.5920    0     -0.05 
  1289   1252444994.3360    0     -0.05 
  1290   1252445000.0520    0     -0.05 
  1291   1252445005.4800    0     -0.05 
  1292   1252445011.3280    0     -0.05 
  1293   1252445017.1920    0     -0.05 
  1294   1252445022.9800    0     -0.05 
  1295   1252445028.2520    0     -0.05 
  1296   1252445034.3720    0     -0.05 
  1297   1252445040.7200    0     -0.05 
  1298   1252445045.8400    0     -0.05 
  1299   1252445051.6640    0     -0.05 
  1300   1252445058.1360    0     -0.05 
  1301   1252445063.2720    0     -0.05 
  1302   1252445068.9400    0     -0.05 
  1303   1252445075.4320    0     -0.05 
  1304   1252445081.7200    0     -0.05 
  1305   1252445087.6880    0     -0.05 
  1306   1252445093.6800    0     -0.05 
  1307   1252445099.4000    0     -0.05 
  1308   1252445105.4120    0     -0.05 
  1309   1252445111.1520    0     -0.05 
  1310   1252445116.9400    0     -0.05 
  1311   1252445122.9840    0     -0.05 
  1312   1252445128.8520    0     -0.05 
  1313   1252445134.3080    0     -0.05 
  1314   1252445140.3560    0     -0.05 
  1315   1252445146.3200    0     -0.05 
  1316   1252445151.3720    0     -0.05 
  1317   1252445157.0880    0     -0.05 
  1318   1252445162.9280    0     -0.05 
  1319   1252445168.2080    0     -0.05 
  1320   1252445174.1800    0     -0.05 
  1321   1252445179.7880    0     -0.05 
  1322   1252445185.4800    0     -0.05 
  1323   1252445191.0840    0     -0.05 
  1324   1252445196.9240    0     -0.05 
  1325   1252445202.5440    0     -0.05 
  1326   1252445208.2120    0     -0.05 
  1327   1252445213.8240    0     -0.05 
  1328   1252445219.0480    0     -0.05 
  1329   1252445224.5680    0     -0.05 
  1330   1252445230.4600    0     -0.05 
  1331   1252445235.5120    0     -0.05 
  1332   1252445240.9120    0     -0.05 
  1333   1252445246.9080    0     -0.05 
  1334   1252445252.3000    0     -0.05 
  1335   1252445257.7120    0     -0.05 
  1336   1252445263.2280    0     -0.05 
  1337   1252445268.6320    0     -0.05 
  1338   1252445274.2200    0     -0.05 
  1339   1252445279.3520    0     -0.05 
  1340   1252445284.8400    0     -0.05 
  1341   1252445290.6200    0     -0.05 
  1342   1252445296.0120    0     -0.05 
  1343   1252445301.8320    0     -0.05 
  1344   1252445307.3120    0     -0.05 
  1345   1252445312.5240    0     -0.05 
  1346   1252445318.4200    0     -0.05 
  1347   1252445324.3040    0     -0.05 
  1348   1252445329.7160    0     -0.05 
  1349   1252445335.3200    0     -0.05 
  1350   1252445341.4160    0     -0.05 
  1351   1252445347.2640    0     -0.05 
  1352   1252445352.3920    0     -0.05 
  1353   1252445358.3160    0     -0.05 
  1354   1252445363.9120    0     -0.05 
  1355   1252445369.7680    0     -0.05 
  1356   1252445375.6960    0     -0.05 
  1357   1252445381.1120    0     -0.05 
  1358   1252445387.1000    0     -0.05 
  1359   1252445392.8320    0     -0.05 
  1360   1252445398.3600    0     -0.05 
  1361   1252445404.1480    0     -0.04 
  1362   1252445410.1000    0     -0.04 
  1363   1252445415.9600    0     -0.04 
  1364   1252445421.6240    0     -0.04 
  1365   1252445427.5360    0     -0.04 
  1366   1252445433.0880    0     -0.04 
  1367   1252445438.6720    0     -0.04 
  1368   1252445444.7040    0     -0.04 
  1369   1252445450.1480    0     -0.04 
  1370   1252445455.9760    0     -0.04 
  1371   1252445461.6080    0     -0.04 
  1372   1252445467.3400    0     -0.04 
  1373   1252445473.1240    0     -0.04 
  1374   1252445478.1760    0     -0.04 
  1375   1252445483.9680    0     -0.04 
  1376   1252445489.3200    0     -0.04 
  1377   1252445494.9320    0     -0.04 
  1378   1252445500.5920    0     -0.04 
  1379   1252445506.1200    0     -0.04 
  1380   1252445511.6480    0     -0.04 
  1381   1252445517.4160    0     -0.04 
  1382   1252445522.7240    0     -0.04 
  1383   1252445528.1160    0     -0.04 
  1384   1252445533.7680    0     -0.04 
  1385   1252445539.4880    0     -0.04 
  1386   1252445544.7680    0     -0.04 
  1387   1252445550.3120    0     -0.04 
  1388   1252445555.9920    0     -0.04 
  1389   1252445561.6200    0     -0.04 
  1390   1252445567.0560    0     -0.04 
  1391   1252445572.6640    0     -0.04 
  1392   1252445578.3280    0     -0.04 
  1393   1252445583.9400    0     -0.04 
  1394   1252445589.3680    0     -0.04 
  1395   1252445594.8320    0     -0.04 
  1396   1252445600.4120    0     -0.04 
  1397   1252445606.0720    0     -0.04 
  1398   1252445611.7000    0     -0.04 
  1399   1252445617.1720    0     -0.04 
  1400   1252445622.8720    0     -0.04 
  1401   1252445628.5440    0     -0.04 
  1402   1252445634.0200    0     -0.04 
  1403   1252445639.5240    0     -0.04 
  1404   1252445645.1000    0     -0.04 
  1405   1252445650.7400    0     -0.04 
  1406   1252445656.4560    0     -0.04 
  1407   1252445661.8040    0     -0.04 
  1408   1252445667.4240    0     -0.04 
  1409   1252445673.2520    0     -0.04 
  1410   1252445678.5480    0     -0.04 
  1411   1252445684.1480    0     -0.04 
  1412   1252445690.0120    0     -0.04 
  1413   1252445695.4320    0     -0.04 
  1414   1252445700.9440    0     -0.04 
  1415   1252445706.6120    0     -0.04 
  1416   1252445712.0680    0     -0.04 
  1417   1252445717.8320    0     -0.04 
  1418   1252445723.2120    0     -0.04 
  1419   1252445728.8960    0     -0.04 
  1420   1252445734.3880    0     -0.04 
  1421   1252445739.7280    0     -0.04 
  1422   1252445745.5400    0     -0.04 
  1423   1252445751.0280    0     -0.04 
  1424   1252445756.6040    0     -0.04 
  1425   1252445762.1400    0     -0.04 
  1426   1252445767.7320    0     -0.04 
  1427   1252445773.4720    0     -0.04 
  1428   1252445779.0120    0     -0.04 
  1429   1252445784.5480    0     -0.04 
  1430   1252445790.0120    0     -0.04 
  1431   1252445795.7320    0     -0.04 
  1432   1252445801.5520    0     -0.04 
  1433   1252445807.1360    0     -0.04 
  1434   1252445812.6120    0     -0.04 
  1435   1252445818.4160    0     -0.04 
  1436   1252445823.8080    0     -0.04 
  1437   1252445829.5520    0     -0.04 
  1438   1252445835.1720    0     -0.04 
  1439   1252445840.7600    0     -0.04 
  1440   1252445846.5800    0     -0.04 
  1441   1252445852.1920    0     -0.04 
  1442   1252445857.8880    0     -0.04 
  1443   1252445863.4160    0     -0.04 
  1444   1252445868.9160    0     -0.04 
  1445   1252445874.2960    0     -0.04 
  1446   1252445880.2160    0     -0.04 
  1447   1252445886.0200    0     -0.04 
  1448   1252445891.2000    0     -0.04 
  1449   1252445897.0400    0     -0.04 
  1450   1252445902.6360    0     -0.04 
  1451   1252445908.1160    0     -0.04 
  1452   1252445914.1360    0     -0.04 
  1453   1252445919.7720    0     -0.04 
  1454   1252445924.8240    0     -0.04 
  1455   1252445930.5800    0     -0.04 
  1456   1252445936.3440    0     -0.04 
  1457   1252445941.7760    0     -0.04 
  1458   1252445947.2080    0     -0.04 
  1459   1252445952.9360    0     -0.04 
  1460   1252445958.7600    0     -0.04 
  1461   1252445964.3960    0     -0.04 
  1462   1252445970.0120    0     -0.04 
  1463   1252445975.8880    0     -0.04 
  1464   1252445981.5120    0     -0.04 
  1465   1252445987.3800    0     -0.04 
  1466   1252445993.2120    0     -0.04 
  1467   1252445999.0520    0     -0.04 
  1468   1252446005.0000    0     -0.05 
  1469   1252446010.4000    0     -0.05 
  1470   1252446016.4200    0     -0.05 
  1471   1252446022.0440    0     -0.05 
  1472   1252446027.6120    0     -0.05 
  1473   1252446033.6040    0     -0.05 
  1474   1252446039.1360    0     -0.05 
  1475   1252446044.7680    0     -0.05 
  1476   1252446050.7280    0     -0.05 
  1477   1252446056.1160    0     -0.05 
  1478   1252446061.8720    0     -0.05 
  1479   1252446067.6320    0     -0.05 
  1480   1252446073.2160    0     -0.05 
  1481   1252446079.0560    0     -0.05 
  1482   1252446084.7880    0     -0.05 
  1483   1252446090.3920    0     -0.05 
  1484   1252446095.8360    0     -0.05 
  1485   1252446101.6000    0     -0.05 
  1486   1252446107.0280    0     -0.05 
  1487   1252446112.4840    0     -0.05 
  1488   1252446117.9920    0     -0.05 
  1489   1252446123.5400    0     -0.05 
  1490   1252446129.3360    0     -0.05 
  1491   1252446134.6960    0     -0.05 
  1492   1252446140.0920    0     -0.05 
  1493   1252446145.8440    0     -0.05 
  1494   1252446151.5320    0     -0.05 
  1495   1252446156.7840    0     -0.05 
  1496   1252446162.6560    0     -0.05 
  1497   1252446168.1720    0     -0.05 
  1498   1252446173.6440    0     -0.05 
  1499   1252446179.2960    0     -0.05 
  1500   1252446184.9880    0     -0.05 
  1501   1252446190.4920    0     -0.05 
  1502   1252446196.2200    0     -0.05 
  1503   1252446202.0320    0     -0.05 
  1504   1252446207.0840    0     -0.05 
  1505   1252446212.8560    0     -0.05 
  1506   1252446218.6840    0     -0.05 
  1507   1252446224.1360    0     -0.05 
  1508   1252446229.5520    0     -0.05 
  1509   1252446235.3200    0     -0.05 
  1510   1252446240.8920    0     -0.05 
  1511   1252446246.2320    0     -0.05 
  1512   1252446251.8280    0     -0.05 
  1513   1252446257.3720    0     -0.05 
  1514   1252446262.8440    0     -0.05 
  1515   1252446268.4680    0     -0.05 
  1516   1252446274.0400    0     -0.05 
  1517   1252446279.5680    0     -0.05 
  1518   1252446285.1920    0     -0.05 
  1519   1252446290.7280    0     -0.05 
  1520   1252446296.3360    0     -0.05 
  1521   1252446302.1240    0     -0.05 
  1522   1252446307.8640    0     -0.05 
  1523   1252446313.2160    0     -0.05 
  1524   1252446318.8720    0     -0.05 
  1525   1252446324.8800    0     -0.05 
  1526   1252446330.1440    0     -0.05 
  1527   1252446335.8880    0     -0.05 
  1528   1252446341.8080    0     -0.05 
  1529   1252446347.2040    0     -0.05 
  1530   1252446353.2440    0     -0.05 
  1531   1252446359.0800    0     -0.05 
  1532   1252446364.4720    0     -0.05 
  1533   1252446370.6120    0     -0.05 
  1534   1252446376.2080    0     -0.05 
  1535   1252446381.7720    0     -0.05 
  1536   1252446387.4360    0     -0.05 
  1537   1252446393.1720    0     -0.05 
  1538   1252446398.7880    0     -0.05 
  1539   1252446404.1560    0     -0.05 
  1540   1252446410.1400    0     -0.05 
  1541   1252446415.9320    0     -0.05 
  1542   1252446421.7800    0     -0.05 
  1543   1252446427.4920    0     -0.05 
  1544   1252446432.8920    0     -0.05 
  1545   1252446438.6840    0     -0.05 
  1546   1252446444.1280    0     -0.05 
  1547   1252446449.8360    0     -0.05 
  1548   1252446455.6520    0     -0.05 
  1549   1252446461.1400    0     -0.05 
  1550   1252446467.0880    0     -0.05 
  1551   1252446472.9480    0     -0.05 
  1552   1252446478.5920    0     -0.05 
  1553   1252446484.0760    0     -0.05 
  1554   1252446489.7160    0     -0.05 
  1555   1252446495.1600    0     -0.05 
  1556   1252446500.8160    0     -0.05 
  1557   1252446506.5800    0     -0.05 
  1558   1252446512.2960    0     -0.05 
  1559   1252446517.8800    0     -0.05 
  1560   1252446523.3400    0     -0.05 
  1561   1252446528.9120    0     -0.05 
  1562   1252446534.1800    0     -0.05 
  1563   1252446539.7400    0     -0.05 
  1564   1252446545.1000    0     -0.05 
  1565   1252446550.3960    0     -0.05 
  1566   1252446556.1200    0     -0.05 
  1567   1252446561.6680    0     -0.05 
  1568   1252446567.2440    0     -0.05 
  1569   1252446572.9960    0     -0.05 
  1570   1252446578.4360    0     -0.05 
  1571   1252446584.0360    0     -0.05 
  1572   1252446589.8200    0     -0.05 
  1573   1252446595.1840    0     -0.05 
  1574   1252446600.8000    0     -0.06 
  1575   1252446606.7040    0     -0.06 
  1576   1252446612.3280    0     -0.06 
  1577   1252446618.0520    0     -0.06 
  1578   1252446623.8960    0     -0.06 
  1579   1252446629.0160    0     -0.06 
  1580   1252446635.0720    0     -0.06 
  1581   1252446640.6440    0     -0.06 
  1582   1252446645.8840    0     -0.06 
  1583   1252446651.8200    0     -0.06 
  1584   1252446657.9400    0     -0.06 
  1585   1252446663.3120    0     -0.06 
  1586   1252446669.2800    0     -0.06 
  1587   1252446675.1160    0     -0.06 
  1588   1252446680.2680    0     -0.06 
  1589   1252446686.2680    0     -0.06 
  1590   1252446691.7760    0     -0.06 
  1591   1252446697.2120    0     -0.06 
  1592   1252446702.8960    0     -0.06 
  1593   1252446708.7040    0     -0.06 
  1594   1252446714.1000    0     -0.06 
  1595   1252446719.7240    0     -0.06 
  1596   1252446725.6160    0     -0.06 
  1597   1252446731.3960    0     -0.06 
  1598   1252446737.2160    0     -0.06 
  1599   1252446743.0480    0     -0.06 
  1600   1252446748.7560    0     -0.06 
  1601   1252446754.6800    0     -0.06 
  1602   1252446760.4400    0     -0.06 
  1603   1252446766.1320    0     -0.06 
  1604   1252446771.8360    0     -0.06 
  1605   1252446777.7520    0     -0.06 
  1606   1252446783.6960    0     -0.06 
  1607   1252446789.1840    0     -0.06 
  1608   1252446795.0800    0     -0.06 
  1609   1252446801.3120    0     -0.06 
  1610   1252446806.9440    0     -0.06 
  1611   1252446812.4840    0     -0.06 
  1612   1252446818.4400    0     -0.06 
  1613   1252446823.6160    0     -0.06 
  1614   1252446829.4640    0     -0.06 
  1615   1252446835.0600    0     -0.06 
  1616   1252446840.8120    0     -0.06 
  1617   1252446846.3960    0     -0.06 
  1618   1252446851.9960    0     -0.06 
  1619   1252446857.5600    0     -0.06 
  1620   1252446862.9560    0     -0.06 
  1621   1252446868.7240    0     -0.06 
  1622   1252446873.8440    0     -0.06 
  1623   1252446879.2440    0     -0.06 
  1624   1252446884.8280    0     -0.06 
  1625   1252446890.4040    0     -0.06 
  1626   1252446895.6840    0     -0.06 
  1627   1252446901.2680    0     -0.06 
  1628   1252446906.7520    0     -0.06 
  1629   1252446912.3640    0     -0.06 
  1630   1252446918.1800    0     -0.06 
  1631   1252446923.4800    0     -0.06 
  1632   1252446929.2920    0     -0.06 
  1633   1252446934.9240    0     -0.06 
  1634   1252446940.5400    0     -0.06 
  1635   1252446946.3000    0     -0.06 
  1636   1252446951.8720    0     -0.06 
  1637   1252446957.7680    0     -0.06 
  1638   1252446963.8400    0     -0.06 
  1639   1252446969.2000    0     -0.06 
  1640   1252446974.8880    0     -0.06 
  1641   1252446981.4880    0     -0.06 
  1642   1252446987.4920    0     -0.06 
  1643   1252446992.7840    0     -0.06 
  1644   1252446998.6080    0     -0.06 
  1645   1252447004.8240    0     -0.06 
  1646   1252447010.6680    0     -0.06 
  1647   1252447016.5600    0     -0.06 
  1648   1252447022.3800    0     -0.06 
  1649   1252447028.1680    0     -0.06 
  1650   1252447034.3840    0     -0.06 
  1651   1252447039.9280    0     -0.06 
  1652   1252447046.0080    0     -0.06 
  1653   1252447052.3840    0     -0.06 
  1654   1252447057.9640    0     -0.06 
  1655   1252447063.4840    0     -0.06 
  1656   1252447069.5200    0     -0.06 
  1657   1252447075.2120    0     -0.06 
  1658   1252447080.5840    0     -0.06 
  1659   1252447086.6080    0     -0.06 
  1660   1252447092.5280    0     -0.06 
  1661   1252447098.1080    0     -0.06 
  1662   1252447103.9360    0     -0.06 
  1663   1252447109.6480    0     -0.06 
  1664   1252447115.3400    0     -0.06 
  1665   1252447120.7760    0     -0.06 
  1666   1252447126.3400    0     -0.06 
  1667   1252447132.2480    0     -0.06 
  1668   1252447137.7400    0     -0.06 
  1669   1252447143.5800    0     -0.06 
  1670   1252447149.4520    0     -0.06 
  1671   1252447155.1680    0     -0.06 
  1672   1252447160.6000    0     -0.06 
  1673   1252447166.6320    0     -0.06 
  1674   1252447172.5240    0     -0.06 
  1675   1252447177.9080    0     -0.06 
  1676   1252447183.5320    0     -0.06 
  1677   1252447189.3560    0     -0.06 
  1678   1252447194.9280    0     -0.06 
  1679   1252447200.5640    0     -0.05 
  1680   1252447206.2680    0     -0.05 
  1681   1252447211.8560    0     -0.05 
  1682   1252447217.7280    0     -0.05 
  1683   1252447223.3680    0     -0.05 
  1684   1252447228.7440    0     -0.05 
  1685   1252447234.7520    0     -0.05 
  1686   1252447240.1880    0     -0.05 
  1687   1252447245.6360    0     -0.05 
  1688   1252447251.5920    0     -0.05 
  1689   1252447257.1000    0     -0.05 
  1690   1252447262.8480    0     -0.05 
  1691   1252447268.9000    0     -0.05 
  1692   1252447274.7400    0     -0.05 
  1693   1252447280.3600    0     -0.05 
  1694   1252447286.0920    0     -0.05 
  1695   1252447292.0360    0     -0.05 
  1696   1252447297.4240    0     -0.05 
  1697   1252447303.1920    0     -0.05 
  1698   1252447309.0240    0     -0.05 
  1699   1252447314.6280    0     -0.05 
  1700   1252447320.7400    0     -0.05 
  1701   1252447326.5200    0     -0.05 
  1702   1252447332.4160    0     -0.05 
  1703   1252447338.3280    0     -0.05 
  1704   1252447343.7080    0     -0.05 
  1705   1252447349.7760    0     -0.05 
  1706   1252447355.2440    0     -0.05 
  1707   1252447361.0040    0     -0.05 
  1708   1252447366.7480    0     -0.05 
  1709   1252447372.3440    0     -0.05 
  1710   1252447378.1400    0     -0.05 
  1711   1252447383.6400    0     -0.05 
  1712   1252447388.9600    0     -0.05 
  1713   1252447394.7840    0     -0.05 
  1714   1252447400.5000    0     -0.05 
  1715   1252447406.3960    0     -0.05 
  1716   1252447411.9160    0     -0.05 
  1717   1252447417.7560    0     -0.05 
  1718   1252447423.5880    0     -0.05 
  1719   1252447428.9440    0     -0.05 
  1720   1252447434.8280    0     -0.05 
  1721   1252447440.5280    0     -0.05 
  1722   1252447446.3720    0     -0.05 
  1723   1252447452.0200    0     -0.05 
  1724   1252447457.5720    0     -0.05 
  1725   1252447463.1800    0     -0.05 
  1726   1252447468.8320    0     -0.05 
  1727   1252447474.3120    0     -0.05 
  1728   1252447479.9880    0     -0.05 
  1729   1252447485.3360    0     -0.05 
  1730   1252447490.9480    0     -0.05 
  1731   1252447496.8480    0     -0.05 
  1732   1252447502.4680    0     -0.05 
  1733   1252447508.1080    0     -0.05 
  1734   1252447513.8760    0     -0.05 
  1735   1252447519.3080    0     -0.05 
  1736   1252447524.9880    0     -0.05 
  1737   1252447530.3320    0     -0.05 
  1738   1252447536.1120    0     -0.05 
  1739   1252447541.8680    0     -0.05 
  1740   1252447547.4360    0     -0.05 
  1741   1252447553.0600    0     -0.05 
  1742   1252447559.0000    0     -0.05 
  1743   1252447564.9520    0     -0.05 
  1744   1252447570.9400    0     -0.05 
  1745   1252447576.2840    0     -0.05 
  1746   1252447581.9640    0     -0.05 
  1747   1252447587.8880    0     -0.05 
  1748   1252447593.5080    0     -0.05 
  1749   1252447599.5800    0     -0.05 
  1750   1252447605.6360    0     -0.05 
  1751   1252447611.5120    0     -0.05 
  1752   1252447617.2400    0     -0.05 
  1753   1252447622.8520    0     -0.05 
  1754   1252447628.2200    0     -0.05 
  1755   1252447634.1960    0     -0.05 
  1756   1252447639.7000    0     -0.05 
  1757   1252447645.5640    0     -0.05 
  1758   1252447651.3840    0     -0.05 
  1759   1252447657.1360    0     -0.05 
  1760   1252447662.8840    0     -0.05 
  1761   1252447668.5880    0     -0.05 
  1762   1252447674.3400    0     -0.05 
  1763   1252447679.7200    0     -0.05 
  1764   1252447685.2800    0     -0.05 
  1765   1252447690.7280    0     -0.05 
  1766   1252447696.6560    0     -0.05 
  1767   1252447701.8920    0     -0.05 
  1768   1252447707.5040    0     -0.05 
  1769   1252447713.1040    0     -0.05 
  1770   1252447718.7520    0     -0.05 
  1771   1252447724.3400    0     -0.05 
  1772   1252447730.2240    0     -0.05 
  1773   1252447735.8960    0     -0.05 
  1774   1252447741.7440    0     -0.05 
  1775   1252447747.6320    0     -0.05 
  1776   1252447753.2080    0     -0.05 
  1777   1252447758.8840    0     -0.05 
  1778   1252447764.6480    0     -0.05 
  1779   1252447770.3680    0     -0.05 
  1780   1252447776.0960    0     -0.05 
  1781   1252447781.5960    0     -0.05 
  1782   1252447787.3120    0     -0.05 
  1783   1252447793.3000    0     -0.05 
  1784   1252447798.8480    0     -0.05 
  1785   1252447804.5480    0     -0.03 
  1786   1252447810.0840    0     -0.03 
  1787   1252447815.1840    0     -0.03 
  1788   1252447821.3400    0     -0.03 
  1789   1252447827.0840    0     -0.03 
  1790   1252447832.5440    0     -0.03 
  1791   1252447838.2280    0     -0.03 
  1792   1252447843.9480    0     -0.03 
  1793   1252447849.4240    0     -0.03 
  1794   1252447855.0560    0     -0.03 
  1795   1252447860.5040    0     -0.03 
  1796   1252447866.1040    0     -0.03 
  1797   1252447871.6080    0     -0.03 
  1798   1252447877.1280    0     -0.03 
  1799   1252447882.6600    0     -0.03 
  1800   1252447888.0880    0     -0.03 
  1801   1252447893.6520    0     -0.03 
  1802   1252447899.3040    0     -0.03 
  1803   1252447904.9640    0     -0.03 
  1804   1252447910.2080    0     -0.03 
  1805   1252447915.8080    0     -0.03 
  1806   1252447921.2240    0     -0.03 
  1807   1252447926.8560    0     -0.03 
  1808   1252447932.7200    0     -0.03 
  1809   1252447938.2120    0     -0.03 
  1810   1252447943.8360    0     -0.03 
  1811   1252447949.4400    0     -0.03 
  1812   1252447955.0960    0     -0.03 
  1813   1252447960.6120    0     -0.03 
  1814   1252447966.3000    0     -0.03 
  1815   1252447971.7560    0     -0.03 
  1816   1252447977.5160    0     -0.03 
  1817   1252447982.9400    0     -0.03 
  1818   1252447988.5040    0     -0.03 
  1819   1252447994.0480    0     -0.03 
  1820   1252447999.3560    0     -0.03 
  1821   1252448004.9680    0     -0.03 
  1822   1252448010.7560    0     -0.03 
  1823   1252448016.2600    0     -0.03 
  1824   1252448021.9960    0     -0.03 
  1825   1252448027.7720    0     -0.03 
  1826   1252448032.9840    0     -0.03 
  1827   1252448038.5680    0     -0.03 
  1828   1252448044.2040    0     -0.03 
  1829   1252448049.5520    0     -0.03 
  1830   1252448055.1960    0     -0.03 
  1831   1252448060.8480    0     -0.03 
  1832   1252448066.5520    0     -0.03 
  1833   1252448072.0800    0     -0.03 
  1834   1252448077.8920    0     -0.03 
  1835   1252448083.6400    0     -0.03 
  1836   1252448089.1800    0     -0.03 
  1837   1252448094.7440    0     -0.03 
  1838   1252448100.2120    0     -0.03 
  1839   1252448106.2200    0     -0.03 
  1840   1252448111.9200    0     -0.03 
  1841   1252448117.4920    0     -0.03 
  1842   1252448123.2960    0     -0.03 
  1843   1252448129.2560    0     -0.03 
  1844   1252448134.6960    0     -0.03 
  1845   1252448140.2520    0     -0.03 
  1846   1252448145.5200    0     -0.03 
  1847   1252448151.4560    0     -0.03 
  1848   1252448156.9360    0     -0.03 
  1849   1252448161.9880    0     -0.03 
  1850   1252448168.0680    0     -0.03 
  1851   1252448173.5960    0     -0.03 
  1852   1252448178.7120    0     -0.03 
  1853   1252448184.3440    0     -0.03 
  1854   1252448190.2160    0     -0.03 
  1855   1252448195.7280    0     -0.03 
  1856   1252448201.2720    0     -0.03 
  1857   1252448207.0920    0     -0.03 
  1858   1252448212.3240    0     -0.03 
  1859   1252448217.8760    0     -0.03 
  1860   1252448223.4480    0     -0.03 
  1861   1252448228.9120    0     -0.03 
  1862   1252448234.6480    0     -0.03 
  1863   1252448240.2040    0     -0.03 
  1864   1252448245.5280    0     -0.03 
  1865   1252448251.3160    0     -0.03 
  1866   1252448256.6280    0     -0.03 
  1867   1252448262.1360    0     -0.03 
  1868   1252448267.5480    0     -0.03 
  1869   1252448273.1160    0     -0.03 
  1870   1252448278.7840    0     -0.03 
  1871   1252448283.9080    0     -0.03 
  1872   1252448289.4040    0     -0.03 
  1873   1252448294.9200    0     -0.03 
  1874   1252448300.1600    0     -0.03 
  1875   1252448305.6360    0     -0.03 
  1876   1252448311.1760    0     -0.03 
  1877   1252448316.5640    0     -0.03 
  1878   1252448321.9880    0     -0.03 
  1879   1252448327.5720    0     -0.03 
  1880   1252448332.8840    0     -0.03 
  1881   1252448338.4880    0     -0.03 
  1882   1252448343.9400    0     -0.03 
  1883   1252448349.6200    0     -0.03 
  1884   1252448355.3080    0     -0.03 
  1885   1252448360.7080    0     -0.03 
  1886   1252448366.1360    0     -0.03 
  1887   1252448371.5960    0     -0.03 
  1888   1252448377.5040    0     -0.03 
  1889   1252448382.8600    0     -0.03 
  1890   1252448388.1800    0     -0.03 
  1891   1252448394.0080    0     -0.03 
  1892   1252448399.3440    0     -0.03 
  1893   1252448404.7400    0     -0.04 
  1894   1252448410.6800    0     -0.04 
  1895   1252448416.1560    0     -0.04 
  1896   1252448422.0560    0     -0.04 
  1897   1252448427.5640    0     -0.04 
  1898   1252448433.3680    0     -0.04 
  1899   1252448438.7680    0     -0.04 
  1900   1252448444.2640    0     -0.04 
  1901   1252448449.8960    0     -0.04 
  1902   1252448455.2840    0     -0.04 
  1903   1252448460.9080    0     -0.04 
  1904   1252448466.4520    0     -0.04 
  1905   1252448471.9640    0     -0.04 
  1906   1252448477.6000    0     -0.04 
  1907   1252448483.3200    0     -0.04 
  1908   1252448488.4280    0     -0.04 
  1909   1252448494.0080    0     -0.04 
  1910   1252448499.6240    0     -0.04 
  1911   1252448504.9520    0     -0.04 
  1912   1252448510.7680    0     -0.04 
  1913   1252448516.1280    0     -0.04 
  1914   1252448521.5200    0     -0.04 
  1915   1252448527.1160    0     -0.04 
  1916   1252448532.7080    0     -0.04 
  1917   1252448538.1480    0     -0.04 
  1918   1252448543.5640    0     -0.04 
  1919   1252448549.3440    0     -0.04 
  1920   1252448554.6240    0     -0.04 
  1921   1252448560.2840    0     -0.04 
  1922   1252448566.0080    0     -0.04 
  1923   1252448571.7040    0     -0.04 
  1924   1252448577.2080    0     -0.04 
  1925   1252448582.7440    0     -0.04 
  1926   1252448588.4520    0     -0.04 
  1927   1252448594.0000    0     -0.04 
  1928   1252448599.8080    0     -0.04 
  1929   1252448605.6440    0     -0.04 
  1930   1252448610.9440    0     -0.04 
  1931   1252448616.5160    0     -0.04 
  1932   1252448622.8320    0     -0.04 
  1933   1252448628.2520    0     -0.04 
  1934   1252448633.6800    0     -0.04 
  1935   1252448639.5320    0     -0.04 
  1936   1252448645.0720    0     -0.04 
  1937   1252448650.8120    0     -0.04 
  1938   1252448656.8120    0     -0.04 
  1939   1252448662.7520    0     -0.04 
  1940   1252448668.2760    0     -0.04 
  1941   1252448673.7840    0     -0.04 
  1942   1252448679.6640    0     -0.04 
  1943   1252448685.1120    0     -0.04 
  1944   1252448690.2040    0     -0.04 
  1945   1252448696.1320    0     -0.04 
  1946   1252448701.7720    0     -0.04 
  1947   1252448707.2520    0     -0.04 
  1948   1252448712.8280    0     -0.04 
  1949   1252448718.4120    0     -0.04 
  1950   1252448724.1800    0     -0.04 
  1951   1252448729.7280    0     -0.04 
  1952   1252448734.9120    0     -0.04 
  1953   1252448740.7880    0     -0.04 
  1954   1252448746.3480    0     -0.04 
  1955   1252448752.1680    0     -0.04 
  1956   1252448758.1040    0     -0.04 
  1957   1252448763.3840    0     -0.04 
  1958   1252448768.7160    0     -0.04 
  1959   1252448774.6120    0     -0.04 
  1960   1252448779.8280    0     -0.04 
  1961   1252448785.5160    0     -0.04 
  1962   1252448791.0600    0     -0.04 
  1963   1252448796.5040    0     -0.04 
  1964   1252448802.5120    0     -0.04 
  1965   1252448808.3480    0     -0.04 
  1966   1252448813.7560    0     -0.04 
  1967   1252448819.4800    0     -0.04 
  1968   1252448825.3920    0     -0.04 
  1969   1252448830.6640    0     -0.04 
  1970   1252448836.0840    0     -0.04 
  1971   1252448842.1000    0     -0.04 
  1972   1252448847.6480    0     -0.04 
  1973   1252448853.2520    0     -0.04 
  1974   1252448859.1880    0     -0.04 
  1975   1252448864.9160    0     -0.04 
  1976   1252448870.0920    0     -0.04 
  1977   1252448875.8160    0     -0.04 
  1978   1252448881.5720    0     -0.04 
  1979   1252448886.7440    0     -0.04 
  1980   1252448892.2960    0     -0.04 
  1981   1252448897.8440    0     -0.04 
  1982   1252448903.2360    0     -0.04 
  1983   1252448908.7680    0     -0.04 
  1984   1252448914.2640    0     -0.04 
  1985   1252448919.6040    0     -0.04 
  1986   1252448925.1960    0     -0.04 
  1987   1252448930.5280    0     -0.04 
  1988   1252448935.7440    0     -0.04 
  1989   1252448941.5440    0     -0.04 
  1990   1252448947.3480    0     -0.04 
  1991   1252448952.9480    0     -0.04 
  1992   1252448958.5760    0     -0.04 
  1993   1252448964.4120    0     -0.04 
  1994   1252448970.1440    0     -0.04 
  1995   1252448975.4880    0     -0.04 
  1996   1252448981.1440    0     -0.04 
  1997   1252448986.7760    0     -0.04 
  1998   1252448992.1960    0     -0.04 
  1999   1252448997.9320    0     -0.04 
  2000   1252449003.9720    0     -0.03 
  2001   1252449009.3200    0     -0.03 
  2002   1252449015.2480    0     -0.03 
  2003   1252449020.9760    0     -0.03 
  2004   1252449026.0280    0     -0.03 
  2005   1252449031.9720    0     -0.03 
  2006   1252449037.5920    0     -0.03 
  2007   1252449043.2320    0     -0.03 
  2008   1252449049.1480    0     -0.03 
  2009   1252449054.5880    0     -0.03 
  2010   1252449060.2120    0     -0.03 
  2011   1252449065.6320    0     -0.03 
  2012   1252449071.3760    0     -0.03 
  2013   1252449077.2240    0     -0.03 
  2014   1252449082.5160    0     -0.03 
  2015   1252449088.5200    0     -0.03 
  2016   1252449094.2320    0     -0.03 
  2017   1252449099.8960    0     -0.03 
  2018   1252449105.4360    0     -0.03 
  2019   1252449110.7680    0     -0.03 
  2020   1252449116.8720    0     -0.03 
  2021   1252449122.0720    0     -0.03 
  2022   1252449127.7760    0     -0.03 
  2023   1252449133.8720    0     -0.03 
  2024   1252449139.5120    0     -0.03 
  2025   1252449144.8800    0     -0.03 
  2026   1252449150.5040    0     -0.03 
  2027   1252449156.1600    0     -0.03 
  2028   1252449161.7000    0     -0.03 
  2029   1252449167.1280    0     -0.03 
  2030   1252449172.6920    0     -0.03 
  2031   1252449178.4120    0     -0.03 
  2032   1252449183.6080    0     -0.03 
  2033   1252449189.1440    0     -0.03 
  2034   1252449194.9240    0     -0.03 
  2035   1252449200.2080    0     -0.03 
  2036   1252449205.9920    0     -0.03 
  2037   1252449211.5360    0     -0.03 
  2038   1252449217.0520    0     -0.03 
  2039   1252449222.7640    0     -0.03 
  2040   1252449228.3600    0     -0.03 
  2041   1252449233.6600    0     -0.03 
  2042   1252449239.0960    0     -0.03 
  2043   1252449244.8880    0     -0.03 
  2044   1252449250.5480    0     -0.03 
  2045   1252449255.7880    0     -0.03 
  2046   1252449261.6600    0     -0.03 
  2047   1252449267.4760    0     -0.03 
  2048   1252449272.5680    0     -0.03 
  2049   1252449278.4160    0     -0.03 
  2050   1252449284.2000    0     -0.03 
  2051   1252449289.5960    0     -0.03 
  2052   1252449295.1080    0     -0.03 
  2053   1252449300.7400    0     -0.03 
  2054   1252449306.2360    0     -0.03 
  2055   1252449311.7600    0     -0.03 
  2056   1252449317.3360    0     -0.03 
  2057   1252449323.0400    0     -0.03 
  2058   1252449328.6800    0     -0.03 
  2059   1252449334.4720    0     -0.03 
  2060   1252449339.6080    0     -0.03 
  2061   1252449345.1840    0     -0.03 
  2062   1252449350.7640    0     -0.03 
  2063   1252449356.3800    0     -0.03 
  2064   1252449362.0200    0     -0.03 
  2065   1252449367.5600    0     -0.03 
  2066   1252449373.1560    0     -0.03 
  2067   1252449378.8320    0     -0.03 
  2068   1252449384.3120    0     -0.03 
  2069   1252449389.6800    0     -0.03 
  2070   1252449395.1320    0     -0.03 
  2071   1252449400.9600    0     -0.03 
  2072   1252449406.8760    0     -0.03 
  2073   1252449412.4440    0     -0.03 
  2074   1252449418.2120    0     -0.03 
  2075   1252449423.6720    0     -0.03 
  2076   1252449429.0480    0     -0.03 
  2077   1252449434.8120    0     -0.03 
  2078   1252449440.7040    0     -0.03 
  2079   1252449446.1520    0     -0.03 
  2080   1252449451.7760    0     -0.03 
  2081   1252449457.5320    0     -0.03 
  2082   1252449463.1560    0     -0.03 
  2083   1252449468.4840    0     -0.03 
  2084   1252449474.1680    0     -0.03 
  2085   1252449479.8320    0     -0.03 
  2086   1252449485.2280    0     -0.03 
  2087   1252449490.8160    0     -0.03 
  2088   1252449496.2400    0     -0.03 
  2089   1252449501.8760    0     -0.03 
  2090   1252449507.2720    0     -0.03 
  2091   1252449512.6960    0     -0.03 
  2092   1252449518.9920    0     -0.03 
  2093   1252449524.4120    0     -0.03 
  2094   1252449529.9040    0     -0.03 
  2095   1252449535.8000    0     -0.03 
  2096   1252449541.4800    0     -0.03 
  2097   1252449546.5480    0     -0.03 
  2098   1252449552.5640    0     -0.03 
  2099   1252449558.4400    0     -0.03 
  2100   1252449563.4920    0     -0.03 
  2101   1252449569.6440    0     -0.03 
  2102   1252449575.4760    0     -0.03 
  2103   1252449580.7680    0     -0.03 
  2104   1252449586.6680    0     -0.03 
  2105   1252449592.8480    0     -0.03 
  2106   1252449598.2480    0     -0.03 
  2107   1252449604.1920    0     -0.05 
  2108   1252449610.1480    0     -0.05 
  2109   1252449615.6040    0     -0.05 
  2110   1252449621.3560    0     -0.05 
  2111   1252449627.2360    0     -0.05 
  2112   1252449632.9960    0     -0.05 
  2113   1252449638.6440    0     -0.05 
  2114   1252449644.1400    0     -0.05 
  2115   1252449649.9720    0     -0.05 
  2116   1252449655.5760    0     -0.05 
  2117   1252449660.9400    0     -0.05 
  2118   1252449666.6080    0     -0.05 
  2119   1252449671.8560    0     -0.05 
  2120   1252449677.2640    0     -0.05 
  2121   1252449682.6720    0     -0.05 
  2122   1252449688.0960    0     -0.05 
  2123   1252449693.6680    0     -0.05 
  2124   1252449699.2680    0     -0.05 
  2125   1252449704.3680    0     -0.05 
  2126   1252449710.0600    0     -0.05 
  2127   1252449715.7640    0     -0.05 
  2128   1252449721.1040    0     -0.05 
  2129   1252449726.6800    0     -0.05 
  2130   1252449732.2080    0     -0.05 
  2131   1252449737.5680    0     -0.05 
  2132   1252449743.1040    0     -0.05 
  2133   1252449748.6480    0     -0.05 
  2134   1252449754.1000    0     -0.05 
  2135   1252449760.0640    0     -0.05 
  2136   1252449765.5040    0     -0.05 
  2137   1252449770.8760    0     -0.05 
  2138   1252449776.8800    0     -0.05 
  2139   1252449782.4920    0     -0.05 
  2140   1252449787.8400    0     -0.05 
  2141   1252449793.2040    0     -0.05 
  2142   1252449798.9400    0     -0.05 
  2143   1252449804.3480    0     -0.05 
  2144   1252449810.1040    0     -0.05 
  2145   1252449816.0960    0     -0.05 
  2146   1252449821.1480    0     -0.05 
  2147   1252449826.6360    0     -0.05 
  2148   1252449832.4080    0     -0.05 
  2149   1252449837.7680    0     -0.05 
  2150   1252449843.2200    0     -0.05 
  2151   1252449848.6040    0     -0.05 
  2152   1252449853.9040    0     -0.05 
  2153   1252449859.6040    0     -0.05 
  2154   1252449865.0960    0     -0.05 
  2155   1252449870.4720    0     -0.05 
  2156   1252449876.2000    0     -0.05 
  2157   1252449881.6440    0     -0.05 
  2158   1252449887.1400    0     -0.05 
  2159   1252449892.9560    0     -0.05 
  2160   1252449898.2280    0     -0.05 
  2161   1252449904.2520    0     -0.05 
  2162   1252449909.8160    0     -0.05 
  2163   1252449915.1120    0     -0.05 
  2164   1252449920.7480    0     -0.05 
  2165   1252449926.1720    0     -0.05 
  2166   1252449931.4600    0     -0.05 
  2167   1252449937.0680    0     -0.05 
  2168   1252449942.4680    0     -0.05 
  2169   1252449948.0840    0     -0.05 
  2170   1252449953.9200    0     -0.05 
  2171   1252449959.2880    0     -0.05 
  2172   1252449964.7360    0     -0.05 
  2173   1252449970.3320    0     -0.05 
  2174   1252449975.5720    0     -0.05 
  2175   1252449981.1480    0     -0.05 
  2176   1252449986.9240    0     -0.05 
  2177   1252449992.2080    0     -0.05 
  2178   1252449997.7360    0     -0.05 
  2179   1252450003.3920    0     -0.05 
  2180   1252450008.6240    0     -0.05 
  2181   1252450014.2760    0     -0.05 
  2182   1252450019.5640    0     -0.05 
  2183   1252450025.0160    0     -0.05 
  2184   1252450030.7040    0     -0.05 
  2185   1252450035.8320    0     -0.05 
  2186   1252450041.6120    0     -0.05 
  2187   1252450047.1280    0     -0.05 
  2188   1252450052.2360    0     -0.05 
  2189   1252450057.8240    0     -0.05 
  2190   1252450063.4880    0     -0.05 
  2191   1252450069.0840    0     -0.05 
  2192   1252450074.5960    0     -0.05 
  2193   1252450080.1600    0     -0.05 
  2194   1252450085.7560    0     -0.05 
  2195   1252450091.3160    0     -0.05 
  2196   1252450096.4480    0     -0.05 
  2197   1252450102.0800    0     -0.05 
  2198   1252450107.4440    0     -0.05 
  2199   1252450112.8480    0     -0.05 
  2200   1252450118.5520    0     -0.05 
  2201   1252450123.7760    0     -0.05 
  2202   1252450129.7400    0     -0.05 
  2203   1252450135.8600    0     -0.05 
  2204   1252450141.1040    0     -0.05 
  2205   1252450146.7800    0     -0.05 
  2206   1252450152.4320    0     -0.05 
  2207   1252450158.0560    0     -0.05 
  2208   1252450163.5560    0     -0.05 
  2209   1252450169.0800    0     -0.05 
  2210   1252450174.9960    0     -0.05 
  2211   1252450180.3280    0     -0.05 
  2212   1252450186.3120    0     -0.05 
  2213   1252450192.0600    0     -0.05 
  2214   1252450197.1120    0     -0.05 
  2215   1252450202.7240    0     -0.07 
  2216   1252450208.2360    0     -0.07 
  2217   1252450213.3880    0     -0.07 
  2218   1252450219.3120    0     -0.07 
  2219   1252450225.0200    0     -0.07 
  2220   1252450230.0800    0     -0.07 
  2221   1252450235.9520    0     -0.07 
  2222   1252450241.6440    0     -0.07 
  2223   1252450247.0720    0     -0.07 
  2224   1252450252.8360    0     -0.07 
  2225   1252450258.1920    0     -0.07 
  2226   1252450263.9760    0     -0.07 
  2227   1252450269.5280    0     -0.07 
  2228   1252450274.8280    0     -0.07 
  2229   1252450280.8600    0     -0.07 
  2230   1252450286.5280    0     -0.07 
  2231   1252450291.7920    0     -0.07 
  2232   1252450297.0800    0     -0.07 
  2233   1252450302.7960    0     -0.07 
  2234   1252450308.4960    0     -0.07 
  2235   1252450313.6400    0     -0.07 
  2236   1252450319.4440    0     -0.07 
  2237   1252450325.1680    0     -0.07 
  2238   1252450330.4040    0     -0.07 
  2239   1252450336.1720    0     -0.07 
  2240   1252450341.5920    0     -0.07 
  2241   1252450346.6760    0     -0.07 
  2242   1252450352.6440    0     -0.07 
  2243   1252450358.2400    0     -0.07 
  2244   1252450363.5840    0     -0.07 
  2245   1252450369.2240    0     -0.07 
  2246   1252450374.8920    0     -0.07 
  2247   1252450380.4320    0     -0.07 
  2248   1252450385.8840    0     -0.07 
  2249   1252450391.5360    0     -0.07 
  2250   1252450397.2880    0     -0.07 
  2251   1252450402.8400    0     -0.07 
  2252   1252450408.0920    0     -0.07 
  2253   1252450413.8320    0     -0.07 
  2254   1252450419.2400    0     -0.07 
  2255   1252450424.6600    0     -0.07 
  2256   1252450430.2520    0     -0.07 
  2257   1252450435.6840    0     -0.07 
  2258   1252450441.5040    0     -0.07 
  2259   1252450446.6360    0     -0.07 
  2260   1252450452.2440    0     -0.07 
  2261   1252450457.7840    0     -0.07 
  2262   1252450463.3560    0     -0.07 
  2263   1252450468.8440    0     -0.07 
  2264   1252450474.4280    0     -0.07 
  2265   1252450480.1080    0     -0.07 
  2266   1252450485.4720    0     -0.07 
  2267   1252450491.0920    0     -0.07 
  2268   1252450496.6000    0     -0.07 
  2269   1252450501.9920    0     -0.07 
  2270   1252450507.4200    0     -0.07 
  2271   1252450512.5360    0     -0.07 
  2272   1252450518.4840    0     -0.07 
  2273   1252450524.3400    0     -0.07 
  2274   1252450529.7200    0     -0.07 
  2275   1252450535.4840    0     -0.07 
  2276   1252450541.1440    0     -0.07 
  2277   1252450546.6240    0     -0.07 
  2278   1252450552.0200    0     -0.07 
  2279   1252450557.6680    0     -0.07 
  2280   1252450563.4280    0     -0.07 
  2281   1252450569.0000    0     -0.07 
  2282   1252450574.7280    0     -0.07 
  2283   1252450580.3320    0     -0.07 
  2284   1252450585.6880    0     -0.07 
  2285   1252450591.2800    0     -0.07 
  2286   1252450596.9640    0     -0.07 
  2287   1252450602.1920    0     -0.07 
  2288   1252450607.9320    0     -0.07 
  2289   1252450613.8440    0     -0.07 
  2290   1252450619.1600    0     -0.07 
  2291   1252450624.7760    0     -0.07 
  2292   1252450630.3000    0     -0.07 
  2293   1252450635.5200    0     -0.07 
  2294   1252450641.4000    0     -0.07 
  2295   1252450647.1320    0     -0.07 
  2296   1252450652.7320    0     -0.07 
  2297   1252450658.3760    0     -0.07 
  2298   1252450664.0000    0     -0.07 
  2299   1252450669.5280    0     -0.07 
  2300   1252450675.2320    0     -0.07 
  2301   1252450680.8840    0     -0.07 
  2302   1252450686.4800    0     -0.07 
  2303   1252450692.0480    0     -0.07 
  2304   1252450697.6760    0     -0.07 
  2305   1252450703.1040    0     -0.07 
  2306   1252450709.0440    0     -0.07 
  2307   1252450714.6920    0     -0.07 
  2308   1252450720.3040    0     -0.07 
  2309   1252450726.2680    0     -0.07 
  2310   1252450732.1160    0     -0.07 
  2311   1252450737.6960    0     -0.07 
  2312   1252450743.2240    0     -0.07 
  2313   1252450749.0400    0     -0.07 
  2314   1252450754.3520    0     -0.07 
  2315   1252450760.0280    0     -0.07 
  2316   1252450765.9520    0     -0.07 
  2317   1252450771.9520    0     -0.07 
  2318   1252450777.5240    0     -0.07 
  2319   1252450783.1840    0     -0.07 
  2320   1252450789.1840    0     -0.07 
  2321   1252450794.7760    0     -0.07 
  2322   1252450800.3320    0     -0.08 
  2323   1252450805.9480    0     -0.08 
  2324   1252450811.2840    0     -0.08 
  2325   1252450816.9880    0     -0.08 
  2326   1252450822.9480    0     -0.08 
  2327   1252450828.7680    0     -0.08 
  2328   1252450834.0320    0     -0.08 
  2329   1252450839.7840    0     -0.08 
  2330   1252450845.6280    0     -0.08 
  2331   1252450851.8040    0     -0.08 
  2332   1252450857.7800    0     -0.08 
  2333   1252450863.3600    0     -0.08 
  2334   1252450869.1480    0     -0.08 
  2335   1252450874.6960    0     -0.08 
  2336   1252450880.3600    0     -0.08 
  2337   1252450886.0880    0     -0.08 
  2338   1252450891.7480    0     -0.08 
  2339   1252450897.5880    0     -0.08 
  2340   1252450903.3840    0     -0.08 
  2341   1252450908.6760    0     -0.08 
  2342   1252450914.1760    0     -0.08 
  2343   1252450919.6800    0     -0.08 
  2344   1252450925.3240    0     -0.08 
  2345   1252450931.0040    0     -0.08 
  2346   1252450936.7280    0     -0.08 
  2347   1252450942.1680    0     -0.08 
  2348   1252450947.6640    0     -0.08 
  2349   1252450953.7200    0     -0.08 
  2350   1252450959.3680    0     -0.08 
  2351   1252450964.8320    0     -0.08 
  2352   1252450970.5000    0     -0.08 
  2353   1252450976.0840    0     -0.08 
  2354   1252450981.9000    0     -0.08 
  2355   1252450987.5520    0     -0.08 
  2356   1252450993.3040    0     -0.08 
  2357   1252450998.9520    0     -0.08 
  2358   1252451004.5200    0     -0.08 
  2359   1252451010.1440    0     -0.08 
  2360   1252451015.8200    0     -0.08 
  2361   1252451021.3920    0     -0.08 
  2362   1252451027.0280    0     -0.08 
  2363   1252451032.9000    0     -0.08 
  2364   1252451038.3080    0     -0.08 
  2365   1252451043.8480    0     -0.08 
  2366   1252451049.7240    0     -0.08 
  2367   1252451055.2240    0     -0.08 
  2368   1252451060.9960    0     -0.08 
  2369   1252451066.5080    0     -0.08 
  2370   1252451072.0960    0     -0.08 
  2371   1252451077.6960    0     -0.08 
  2372   1252451083.6560    0     -0.08 
  2373   1252451089.2840    0     -0.08 
  2374   1252451094.8840    0     -0.08 
  2375   1252451100.7800    0     -0.08 
  2376   1252451106.2480    0     -0.08 
  2377   1252451112.1200    0     -0.08 
  2378   1252451117.5480    0     -0.08 
  2379   1252451122.9160    0     -0.08 
  2380   1252451129.1640    0     -0.08 
  2381   1252451134.5360    0     -0.08 
  2382   1252451139.8760    0     -0.08 
  2383   1252451145.9800    0     -0.08 
  2384   1252451151.5480    0     -0.08 
  2385   1252451157.1360    0     -0.08 
  2386   1252451162.9400    0     -0.08 
  2387   1252451168.4960    0     -0.08 
  2388   1252451174.3480    0     -0.08 
  2389   1252451180.0800    0     -0.08 
  2390   1252451185.7760    0     -0.08 
  2391   1252451191.7680    0     -0.08 
  2392   1252451197.6560    0     -0.08 
  2393   1252451203.5200    0     -0.08 
  2394   1252451209.2640    0     -0.08 
  2395   1252451215.2000    0     -0.08 
  2396   1252451220.8880    0     -0.08 
  2397   1252451226.4240    0     -0.08 
  2398   1252451232.2440    0     -0.08 
  2399   1252451237.9200    0     -0.08 
  2400   1252451243.9280    0     -0.08 
  2401   1252451249.5320    0     -0.08 
  2402   1252451255.7120    0     -0.08 
  2403   1252451261.6560    0     -0.08 
  2404   1252451267.2800    0     -0.08 
  2405   1252451273.1000    0     -0.08 
  2406   1252451278.9080    0     -0.08 
  2407   1252451284.7800    0     -0.08 
  2408   1252451290.6560    0     -0.08 
  2409   1252451296.7080    0     -0.08 
  2410   1252451302.0560    0     -0.08 
  2411   1252451307.9480    0     -0.08 
  2412   1252451313.8640    0     -0.08 
  2413   1252451319.5560    0     -0.08 
  2414   1252451324.9240    0     -0.08 
  2415   1252451330.9680    0     -0.08 
  2416   1252451336.6520    0     -0.08 
  2417   1252451342.1920    0     -0.08 
  2418   1252451348.0560    0     -0.08 
  2419   1252451354.0000    0     -0.08 
  2420   1252451359.7680    0     -0.08 
  2421   1252451365.2680    0     -0.08 
  2422   1252451371.0400    0     -0.08 
  2423   1252451376.9080    0     -0.08 
  2424   1252451382.5320    0     -0.08 
  2425   1252451388.1600    0     -0.08 
  2426   1252451393.9880    0     -0.08 
  2427   1252451399.9280    0     -0.14 
  2428   1252451405.8240    0     -0.14 
  2429   1252451411.4840    0     -0.14 
  2430   1252451417.4680    0     -0.14 
  2431   1252451422.8400    0     -0.14 
  2432   1252451428.8080    0     -0.14 
  2433   1252451434.7400    0     -0.14 
  2434   1252451440.5280    0     -0.14 
  2435   1252451446.6480    0     -0.14 
  2436   1252451452.2440    0     -0.14 
  2437   1252451457.8400    0     -0.14 
  2438   1252451463.6000    0     -0.14 
  2439   1252451469.5640    0     -0.14 
  2440   1252451475.0560    0     -0.14 
  2441   1252451480.7640    0     -0.14 
  2442   1252451486.7280    0     -0.14 
  2443   1252451492.7720    0     -0.14 
  2444   1252451498.6520    0     -0.14 
  2445   1252451504.1240    0     -0.14 
  2446   1252451509.8720    0     -0.14 
  2447   1252451515.5280    0     -0.14 
  2448   1252451521.2360    0     -0.14 
  2449   1252451527.1240    0     -0.14 
  2450   1252451533.1080    0     -0.14 
  2451   1252451538.8280    0     -0.14 
  2452   1252451544.7760    0     -0.14 
  2453   1252451550.5200    0     -0.14 
  2454   1252451556.2320    0     -0.14 
  2455   1252451562.1600    0     -0.14 
  2456   1252451567.6920    0     -0.14 
  2457   1252451573.7040    0     -0.14 
  2458   1252451579.5320    0     -0.14 
  2459   1252451585.4000    0     -0.14 
  2460   1252451591.6160    0     -0.14 
  2461   1252451597.3480    0     -0.14 
  2462   1252451602.9720    0     -0.14 
  2463   1252451608.5880    0     -0.14 
  2464   1252451614.2000    0     -0.14 
  2465   1252451620.1280    0     -0.14 
  2466   1252451625.3200    0     -0.14 
  2467   1252451631.6640    0     -0.14 
  2468   1252451637.8360    0     -0.14 
  2469   1252451643.4000    0     -0.14 
  2470   1252451649.7400    0     -0.14 
  2471   1252451656.0000    0     -0.14 
  2472   1252451661.3640    0     -0.14 
  2473   1252451667.7400    0     -0.14 
  2474   1252451674.3880    0     -0.14 
  2475   1252451680.3120    0     -0.14 
  2476   1252451686.1840    0     -0.14 
  2477   1252451692.2080    0     -0.14 
  2478   1252451698.4040    0     -0.14 
  2479   1252451704.3840    0     -0.14 
  2480   1252451710.3960    0     -0.14 
  2481   1252451716.4400    0     -0.14 
  2482   1252451722.8560    0     -0.14 
  2483   1252451728.5280    0     -0.14 
  2484   1252451734.3760    0     -0.14 
  2485   1252451740.5120    0     -0.14 
  2486   1252451746.0480    0     -0.14 
  2487   1252451751.8800    0     -0.14 
  2488   1252451758.1240    0     -0.14 
  2489   1252451763.4760    0     -0.14 
  2490   1252451769.1840    0     -0.14 
  2491   1252451775.1920    0     -0.14 
  2492   1252451780.9240    0     -0.14 
  2493   1252451786.7560    0     -0.14 
  2494   1252451792.5600    0     -0.14 
  2495   1252451798.4040    0     -0.14 
  2496   1252451803.8600    0     -0.14 
  2497   1252451809.5920    0     -0.14 
  2498   1252451815.3480    0     -0.14 
  2499   1252451821.4200    0     -0.14 
  2500   1252451827.3120    0     -0.14 
  2501   1252451832.9200    0     -0.14 
  2502   1252451838.7160    0     -0.14 
  2503   1252451844.3400    0     -0.14 
  2504   1252451849.8920    0     -0.14 
  2505   1252451855.9400    0     -0.14 
  2506   1252451861.9600    0     -0.14 
  2507   1252451867.5880    0     -0.14 
  2508   1252451873.1480    0     -0.14 
  2509   1252451879.0320    0     -0.14 
  2510   1252451884.5800    0     -0.14 
  2511   1252451890.2520    0     -0.14 
  2512   1252451895.8440    0     -0.14 
  2513   1252451901.5680    0     -0.14 
  2514   1252451907.7560    0     -0.14 
  2515   1252451913.3720    0     -0.14 
  2516   1252451918.8920    0     -0.14 
  2517   1252451924.8000    0     -0.14 
  2518   1252451930.7400    0     -0.14 
  2519   1252451936.6960    0     -0.14 
  2520   1252451942.9600    0     -0.14 
  2521   1252451948.8640    0     -0.14 
  2522   1252451954.8600    0     -0.14 
  2523   1252451960.8240    0     -0.14 
  2524   1252451966.7800    0     -0.14 
  2525   1252451972.8200    0     -0.14 
  2526   1252451978.3000    0     -0.14 
  2527   1252451984.3640    0     -0.14 
  2528   1252451990.6960    0     -0.14 
  2529   1252451996.2640    0     -0.14 
  2530   1252452002.1680    0     -0.18 
  2531   1252452008.2040    0     -0.18 
  2532   1252452013.8160    0     -0.18 
  2533   1252452019.6640    0     -0.18 
  2534   1252452025.7600    0     -0.18 
  2535   1252452030.8680    0     -0.18 
  2536   1252452037.4280    0     -0.18 
  2537   1252452043.4000    0     -0.18 
  2538   1252452049.1240    0     -0.18 
  2539   1252452055.6320    0     -0.18 
  2540   1252452061.7440    0     -0.18 
  2541   1252452067.6120    0     -0.18 
  2542   1252452073.6200    0     -0.18 
  2543   1252452079.3920    0     -0.18 
  2544   1252452085.3720    0     -0.18 
  2545   1252452091.1520    0     -0.18 
  2546   1252452096.5440    0     -0.18 
  2547   1252452102.6920    0     -0.18 
  2548   1252452108.5600    0     -0.18 
  2549   1252452113.9000    0     -0.18 
  2550   1252452120.1160    0     -0.18 
  2551   1252452125.9680    0     -0.18 
  2552   1252452131.9680    0     -0.18 
  2553   1252452137.9760    0     -0.18 
  2554   1252452143.6480    0     -0.18 
  2555   1252452149.6880    0     -0.18 
  2556   1252452155.2400    0     -0.18 
  2557   1252452161.0080    0     -0.18 
  2558   1252452167.0080    0     -0.18 
  2559   1252452172.9440    0     -0.18 
  2560   1252452178.4280    0     -0.18 
  2561   1252452184.3520    0     -0.18 
  2562   1252452190.1520    0     -0.18 
  2563   1252452195.7760    0     -0.18 
  2564   1252452201.5720    0     -0.18 
  2565   1252452207.4280    0     -0.18 
  2566   1252452213.3840    0     -0.18 
  2567   1252452219.3280    0     -0.18 
  2568   1252452225.1200    0     -0.18 
  2569   1252452230.8080    0     -0.18 
  2570   1252452236.7680    0     -0.18 
  2571   1252452242.4440    0     -0.18 
  2572   1252452248.2680    0     -0.18 
  2573   1252452253.9880    0     -0.18 
  2574   1252452259.6680    0     -0.18 
  2575   1252452265.5800    0     -0.18 
  2576   1252452271.6000    0     -0.18 
  2577   1252452277.2120    0     -0.18 
  2578   1252452283.0840    0     -0.18 
  2579   1252452289.0680    0     -0.18 
  2580   1252452294.7040    0     -0.18 
  2581   1252452300.4560    0     -0.18 
  2582   1252452306.6400    0     -0.18 
  2583   1252452312.3920    0     -0.18 
  2584   1252452318.1200    0     -0.18 
  2585   1252452324.2920    0     -0.18 
  2586   1252452330.1920    0     -0.18 
  2587   1252452336.0800    0     -0.18 
  2588   1252452341.5680    0     -0.18 
  2589   1252452347.8200    0     -0.18 
  2590   1252452353.6160    0     -0.18 
  2591   1252452359.3600    0     -0.18 
  2592   1252452365.4480    0     -0.18 
  2593   1252452371.5080    0     -0.18 
  2594   1252452377.5960    0     -0.18 
  2595   1252452383.3080    0     -0.18 
  2596   1252452389.0640    0     -0.18 
  2597   1252452394.7360    0     -0.18 
  2598   1252452400.3400    0     -0.18 
  2599   1252452406.0000    0     -0.18 
  2600   1252452411.7160    0     -0.18 
  2601   1252452417.2280    0     -0.18 
  2602   1252452422.8520    0     -0.18 
  2603   1252452428.7640    0     -0.18 
  2604   1252452434.4080    0     -0.18 
  2605   1252452440.4680    0     -0.18 
  2606   1252452446.0200    0     -0.18 
  2607   1252452451.5200    0     -0.18 
  2608   1252452457.3200    0     -0.18 
  2609   1252452463.1280    0     -0.18 
  2610   1252452469.1040    0     -0.18 
  2611   1252452474.5400    0     -0.18 
  2612   1252452480.3520    0     -0.18 
  2613   1252452486.4040    0     -0.18 
  2614   1252452491.7200    0     -0.18 
  2615   1252452497.4400    0     -0.18 
  2616   1252452503.1280    0     -0.18 
  2617   1252452508.7960    0     -0.18 
  2618   1252452514.8360    0     -0.18 
  2619   1252452520.4240    0     -0.18 
  2620   1252452526.1760    0     -0.18 
  2621   1252452531.9440    0     -0.18 
  2622   1252452537.4520    0     -0.18 
  2623   1252452543.3360    0     -0.18 
  2624   1252452548.9800    0     -0.18 
  2625   1252452554.6360    0     -0.18 
  2626   1252452560.1720    0     -0.18 
  2627   1252452566.2320    0     -0.18 
  2628   1252452571.6920    0     -0.18 
  2629   1252452577.3400    0     -0.18 
  2630   1252452582.9880    0     -0.18 
  2631   1252452588.9000    0     -0.18 
  2632   1252452594.5520    0     -0.18 
  2633   1252452600.4680    0     -0.21 
  2634   1252452606.2840    0     -0.21 
  2635   1252452611.8800    0     -0.21 
  2636   1252452617.5320    0     -0.21 
  2637   1252452623.0120    0     -0.21 
  2638   1252452628.5720    0     -0.21 
  2639   1252452634.1960    0     -0.21 
  2640   1252452640.1920    0     -0.21 
  2641   1252452645.7960    0     -0.21 
  2642   1252452651.6200    0     -0.21 
  2643   1252452657.2600    0     -0.21 
  2644   1252452662.8840    0     -0.21 
  2645   1252452668.8320    0     -0.21 
  2646   1252452674.2800    0     -0.21 
  2647   1252452680.0720    0     -0.21 
  2648   1252452686.1280    0     -0.21 
  2649   1252452691.3680    0     -0.21 
  2650   1252452697.2880    0     -0.21 
  2651   1252452703.1080    0     -0.21 
  2652   1252452708.9240    0     -0.21 
  2653   1252452714.5680    0     -0.21 
  2654   1252452720.4120    0     -0.21 
  2655   1252452726.1840    0     -0.21 
  2656   1252452731.6040    0     -0.21 
  2657   1252452737.5080    0     -0.21 
  2658   1252452742.8400    0     -0.21 
  2659   1252452748.4560    0     -0.21 
  2660   1252452754.5240    0     -0.21 
  2661   1252452760.0320    0     -0.21 
  2662   1252452765.4520    0     -0.21 
  2663   1252452771.2800    0     -0.21 
  2664   1252452776.9760    0     -0.21 
  2665   1252452782.7440    0     -0.21 
  2666   1252452788.4960    0     -0.21 
  2667   1252452794.1000    0     -0.21 
  2668   1252452800.0320    0     -0.21 
  2669   1252452805.6080    0     -0.21 
  2670   1252452811.4080    0     -0.21 
  2671   1252452817.0920    0     -0.21 
  2672   1252452822.6640    0     -0.21 
  2673   1252452828.5080    0     -0.21 
  2674   1252452834.1800    0     -0.21 
  2675   1252452839.9000    0     -0.21 
  2676   1252452845.6840    0     -0.21 
  2677   1252452851.5520    0     -0.21 
  2678   1252452857.2400    0     -0.21 
  2679   1252452862.9720    0     -0.21 
  2680   1252452868.5760    0     -0.21 
  2681   1252452874.1560    0     -0.21 
  2682   1252452879.7600    0     -0.21 
  2683   1252452885.7200    0     -0.21 
  2684   1252452891.4960    0     -0.21 
  2685   1252452896.7800    0     -0.21 
  2686   1252452902.9600    0     -0.21 
  2687   1252452908.8560    0     -0.21 
  2688   1252452914.4280    0     -0.21 
  2689   1252452920.5040    0     -0.21 
  2690   1252452926.2400    0     -0.21 
  2691   1252452931.7040    0     -0.21 
  2692   1252452937.7320    0     -0.21 
  2693   1252452943.3400    0     -0.21 
  2694   1252452948.9560    0     -0.21 
  2695   1252452954.8800    0     -0.21 
  2696   1252452960.8440    0     -0.21 
  2697   1252452966.4600    0     -0.21 
  2698   1252452972.2480    0     -0.21 
  2699   1252452978.1400    0     -0.21 
  2700   1252452983.5080    0     -0.21 
  2701   1252452989.5480    0     -0.21 
  2702   1252452995.5040    0     -0.21 
  2703   1252453000.5760    0     -0.21 
  2704   1252453006.4640    0     -0.21 
  2705   1252453012.1600    0     -0.21 
  2706   1252453017.5440    0     -0.21 
  2707   1252453023.2400    0     -0.21 
  2708   1252453029.2520    0     -0.21 
  2709   1252453035.0200    0     -0.21 
  2710   1252453040.6360    0     -0.21 
  2711   1252453046.3480    0     -0.21 
  2712   1252453051.8360    0     -0.21 
  2713   1252453057.9240    0     -0.21 
  2714   1252453063.9200    0     -0.21 
  2715   1252453069.8640    0     -0.21 
  2716   1252453075.3760    0     -0.21 
  2717   1252453081.0960    0     -0.21 
  2718   1252453087.0120    0     -0.21 
  2719   1252453092.8120    0     -0.21 
  2720   1252453098.7480    0     -0.21 
  2721   1252453104.1640    0     -0.21 
  2722   1252453110.4160    0     -0.21 
  2723   1252453116.2920    0     -0.21 
  2724   1252453122.1920    0     -0.21 
  2725   1252453127.6480    0     -0.21 
  2726   1252453133.3480    0     -0.21 
  2727   1252453139.3480    0     -0.21 
  2728   1252453144.8160    0     -0.21 
  2729   1252453150.3640    0     -0.21 
  2730   1252453156.3480    0     -0.21 
  2731   1252453161.8520    0     -0.21 
  2732   1252453167.6840    0     -0.21 
  2733   1252453173.8200    0     -0.21 
  2734   1252453179.1920    0     -0.21 
  2735   1252453185.0480    0     -0.21 
  2736   1252453190.9960    0     -0.21 
  2737   1252453196.3760    0     -0.21 
  2738   1252453202.1040    0     -0.17 
  2739   1252453208.1880    0     -0.17 
  2740   1252453213.6600    0     -0.17 
  2741   1252453219.4520    0     -0.17 
  2742   1252453225.2400    0     -0.17 
  2743   1252453230.6840    0     -0.17 
  2744   1252453236.8560    0     -0.17 
  2745   1252453242.3680    0     -0.17 
  2746   1252453247.8160    0     -0.17 
  2747   1252453253.8600    0     -0.17 
  2748   1252453259.4720    0     -0.17 
  2749   1252453265.1200    0     -0.17 
  2750   1252453271.0880    0     -0.17 
  2751   1252453276.8320    0     -0.17 
  2752   1252453282.4680    0     -0.17 
  2753   1252453288.3880    0     -0.17 
  2754   1252453293.9360    0     -0.17 
  2755   1252453299.2480    0     -0.17 
  2756   1252453305.4880    0     -0.17 
  2757   1252453311.3200    0     -0.17 
  2758   1252453316.7320    0     -0.17 
  2759   1252453322.4120    0     -0.17 
  2760   1252453328.2560    0     -0.17 
  2761   1252453333.8680    0     -0.17 
  2762   1252453339.5960    0     -0.17 
  2763   1252453345.3800    0     -0.17 
  2764   1252453351.1960    0     -0.17 
  2765   1252453357.0400    0     -0.17 
  2766   1252453362.6400    0     -0.17 
  2767   1252453368.4040    0     -0.17 
  2768   1252453374.4960    0     -0.17 
  2769   1252453380.0480    0     -0.17 
  2770   1252453385.6320    0     -0.17 
  2771   1252453391.5480    0     -0.17 
  2772   1252453397.1840    0     -0.17 
  2773   1252453402.6800    0     -0.17 
  2774   1252453408.4160    0     -0.17 
  2775   1252453414.2200    0     -0.17 
  2776   1252453419.8240    0     -0.17 
  2777   1252453425.5160    0     -0.17 
  2778   1252453431.4240    0     -0.17 
  2779   1252453436.9240    0     -0.17 
  2780   1252453442.5520    0     -0.17 
  2781   1252453448.6160    0     -0.17 
  2782   1252453454.2760    0     -0.17 
  2783   1252453459.9320    0     -0.17 
  2784   1252453465.4880    0     -0.17 
  2785   1252453471.2480    0     -0.17 
  2786   1252453476.8600    0     -0.17 
  2787   1252453482.6240    0     -0.17 
  2788   1252453488.6720    0     -0.17 
  2789   1252453494.7960    0     -0.17 
  2790   1252453500.4160    0     -0.17 
  2791   1252453506.0280    0     -0.17 
  2792   1252453511.8640    0     -0.17 
  2793   1252453517.3040    0     -0.17 
  2794   1252453522.8880    0     -0.17 
  2795   1252453528.2800    0     -0.17 
  2796   1252453534.2640    0     -0.17 
  2797   1252453539.8440    0     -0.17 
  2798   1252453545.5440    0     -0.17 
  2799   1252453551.4040    0     -0.17 
  2800   1252453557.2360    0     -0.17 
  2801   1252453562.9360    0     -0.17 
  2802   1252453568.7920    0     -0.17 
  2803   1252453574.0880    0     -0.17 
  2804   1252453579.4960    0     -0.17 
  2805   1252453585.4240    0     -0.17 
  2806   1252453591.1080    0     -0.17 
  2807   1252453596.9040    0     -0.17 
  2808   1252453602.7640    0     -0.17 
  2809   1252453608.4640    0     -0.17 
  2810   1252453614.1200    0     -0.17 
  2811   1252453619.8000    0     -0.17 
  2812   1252453625.5080    0     -0.17 
  2813   1252453631.1840    0     -0.17 
  2814   1252453636.7080    0     -0.17 
  2815   1252453642.5320    0     -0.17 
  2816   1252453648.3360    0     -0.17 
  2817   1252453654.1760    0     -0.17 
  2818   1252453659.9080    0     -0.17 
  2819   1252453665.6000    0     -0.17 
  2820   1252453671.4680    0     -0.17 
  2821   1252453677.0040    0     -0.17 
  2822   1252453682.5240    0     -0.17 
  2823   1252453688.2960    0     -0.17 
  2824   1252453693.9680    0     -0.17 
  2825   1252453699.4080    0     -0.17 
  2826   1252453705.1360    0     -0.17 
  2827   1252453710.9320    0     -0.17 
  2828   1252453716.5320    0     -0.17 
  2829   1252453722.2240    0     -0.17 
  2830   1252453728.0080    0     -0.17 
  2831   1252453733.5880    0     -0.17 
  2832   1252453739.1240    0     -0.17 
  2833   1252453744.6760    0     -0.17 
  2834   1252453750.4920    0     -0.17 
  2835   1252453756.1160    0     -0.17 
  2836   1252453761.7760    0     -0.17 
  2837   1252453767.2200    0     -0.17 
  2838   1252453773.0320    0     -0.17 
  2839   1252453778.9080    0     -0.17 
  2840   1252453784.3840    0     -0.17 
  2841   1252453790.2480    0     -0.17 
  2842   1252453795.8960    0     -0.17 
  2843   1252453801.5240    0     -0.14 
  2844   1252453807.5760    0     -0.14 
  2845   1252453813.3080    0     -0.14 
  2846   1252453818.9880    0     -0.14 
  2847   1252453824.7120    0     -0.14 
  2848   1252453830.6840    0     -0.14 
  2849   1252453836.2400    0     -0.14 
  2850   1252453841.8720    0     -0.14 
  2851   1252453848.0000    0     -0.14 
  2852   1252453853.4360    0     -0.14 
  2853   1252453859.1920    0     -0.14 
  2854   1252453865.0120    0     -0.14 
  2855   1252453870.7600    0     -0.14 
  2856   1252453876.8840    0     -0.14 
  2857   1252453882.5880    0     -0.14 
  2858   1252453888.2320    0     -0.14 
  2859   1252453894.3600    0     -0.14 
  2860   1252453900.3280    0     -0.14 
  2861   1252453905.7480    0     -0.14 
  2862   1252453911.6520    0     -0.14 
  2863   1252453917.4320    0     -0.14 
  2864   1252453923.3040    0     -0.14 
  2865   1252453928.6720    0     -0.14 
  2866   1252453934.5720    0     -0.14 
  2867   1252453940.6640    0     -0.14 
  2868   1252453946.5440    0     -0.14 
  2869   1252453952.5960    0     -0.14 
  2870   1252453958.2000    0     -0.14 
  2871   1252453963.7960    0     -0.14 
  2872   1252453969.6840    0     -0.14 
  2873   1252453975.1440    0     -0.14 
  2874   1252453980.7240    0     -0.14 
  2875   1252453986.6480    0     -0.14 
  2876   1252453992.2240    0     -0.14 
  2877   1252453997.9880    0     -0.14 
  2878   1252454003.8000    0     -0.14 
  2879   1252454009.6960    0     -0.14 
  2880   1252454015.0360    0     -0.14 
  2881   1252454020.9040    0     -0.14 
  2882   1252454026.5920    0     -0.14 
  2883   1252454032.0680    0     -0.14 
  2884   1252454037.8000    0     -0.14 
  2885   1252454043.4280    0     -0.14 
  2886   1252454049.0760    0     -0.14 
  2887   1252454054.7640    0     -0.14 
  2888   1252454060.5840    0     -0.14 
  2889   1252454066.2080    0     -0.14 
  2890   1252454071.6880    0     -0.14 
  2891   1252454077.6160    0     -0.14 
  2892   1252454082.7280    0     -0.14 
  2893   1252454088.6320    0     -0.14 
  2894   1252454094.5920    0     -0.14 
  2895   1252454100.3440    0     -0.14 
  2896   1252454105.9880    0     -0.14 
  2897   1252454111.8640    0     -0.14 
  2898   1252454117.6560    0     -0.14 
  2899   1252454123.4080    0     -0.14 
  2900   1252454129.0560    0     -0.14 
  2901   1252454134.3760    0     -0.14 
  2902   1252454140.1800    0     -0.14 
  2903   1252454145.9760    0     -0.14 
  2904   1252454151.7920    0     -0.14 
  2905   1252454157.4480    0     -0.14 
  2906   1252454163.4200    0     -0.14 
  2907   1252454169.3120    0     -0.14 
  2908   1252454175.3480    0     -0.14 
  2909   1252454180.9960    0     -0.14 
  2910   1252454187.3520    0     -0.14 
  2911   1252454193.1160    0     -0.14 
  2912   1252454198.9280    0     -0.14 
  2913   1252454205.4360    0     -0.14 
  2914   1252454210.9880    0     -0.14 
  2915   1252454216.9240    0     -0.14 
  2916   1252454222.9480    0     -0.14 
  2917   1252454228.8120    0     -0.14 
  2918   1252454235.5640    0     -0.14 
  2919   1252454241.8960    0     -0.14 
  2920   1252454247.4640    0     -0.14 
  2921   1252454253.5160    0     -0.14 
  2922   1252454259.7640    0     -0.14 
  2923   1252454265.4760    0     -0.14 
  2924   1252454271.6320    0     -0.14 
  2925   1252454277.6240    0     -0.14 
  2926   1252454283.5160    0     -0.14 
  2927   1252454289.2960    0     -0.14 
  2928   1252454295.4120    0     -0.14 
  2929   1252454301.0680    0     -0.14 
  2930   1252454306.8520    0     -0.14 
  2931   1252454312.8360    0     -0.14 
  2932   1252454318.7240    0     -0.14 
  2933   1252454324.7000    0     -0.14 
  2934   1252454330.3400    0     -0.14 
  2935   1252454336.5200    0     -0.14 
  2936   1252454342.2080    0     -0.14 
  2937   1252454347.8920    0     -0.14 
  2938   1252454353.5240    0     -0.14 
  2939   1252454359.4080    0     -0.14 
  2940   1252454365.2200    0     -0.14 
  2941   1252454371.0600    0     -0.14 
  2942   1252454376.6520    0     -0.14 
  2943   1252454382.3120    0     -0.14 
  2944   1252454388.1560    0     -0.14 
  2945   1252454393.8280    0     -0.14 
  2946   1252454399.3440    0     -0.13 
  2947   1252454404.8040    0     -0.11 
  2948   1252454410.6760    0     -0.11 
  2949   1252454416.2480    0     -0.11 
  2950   1252454422.3840    0     -0.11 
  2951   1252454427.9680    0     -0.11 
  2952   1252454433.6960    0     -0.11 
  2953   1252454439.3960    0     -0.11 
  2954   1252454445.3040    0     -0.11 
  2955   1252454450.8360    0     -0.11 
  2956   1252454456.6760    0     -0.11 
  2957   1252454462.4600    0     -0.11 
  2958   1252454468.2760    0     -0.11 
  2959   1252454474.1440    0     -0.11 
  2960   1252454480.2640    0     -0.11 
  2961   1252454485.9080    0     -0.11 
  2962   1252454491.4920    0     -0.11 
  2963   1252454497.4360    0     -0.11 
  2964   1252454502.6440    0     -0.11 
  2965   1252454508.7640    0     -0.11 
  2966   1252454514.4720    0     -0.11 
  2967   1252454520.0080    0     -0.11 
  2968   1252454526.0360    0     -0.11 
  2969   1252454531.7560    0     -0.11 
  2970   1252454537.7520    0     -0.11 
  2971   1252454543.4800    0     -0.11 
  2972   1252454548.9680    0     -0.11 
  2973   1252454554.7480    0     -0.11 
  2974   1252454560.0840    0     -0.11 
  2975   1252454565.8440    0     -0.11 
  2976   1252454571.3720    0     -0.11 
  2977   1252454576.9000    0     -0.11 
  2978   1252454582.6760    0     -0.11 
  2979   1252454588.4720    0     -0.11 
  2980   1252454594.2080    0     -0.11 
  2981   1252454599.9680    0     -0.11 
  2982   1252454605.6480    0     -0.11 
  2983   1252454611.3800    0     -0.11 
  2984   1252454617.1120    0     -0.11 
  2985   1252454623.3280    0     -0.11 
  2986   1252454629.0480    0     -0.11 
  2987   1252454634.8440    0     -0.11 
  2988   1252454640.8880    0     -0.11 
  2989   1252454646.5320    0     -0.11 
  2990   1252454652.3080    0     -0.11 
  2991   1252454658.5560    0     -0.11 
  2992   1252454664.1200    0     -0.11 
  2993   1252454670.0920    0     -0.11 
  2994   1252454676.2400    0     -0.11 
  2995   1252454681.8600    0     -0.11 
  2996   1252454687.8640    0     -0.11 
  2997   1252454693.5240    0     -0.11 
  2998   1252454699.6440    0     -0.11 
  2999   1252454705.9480    0     -0.11 
  3000   1252454711.7040    0     -0.11 
  3001   1252454717.7360    0     -0.11 
  3002   1252454723.9440    0     -0.11 
  3003   1252454729.8080    0     -0.11 
  3004   1252454735.6800    0     -0.11 
  3005   1252454741.1680    0     -0.11 
  3006   1252454747.0120    0     -0.11 
  3007   1252454752.8640    0     -0.11 
  3008   1252454758.8240    0     -0.11 
  3009   1252454764.7440    0     -0.11 
  3010   1252454770.4600    0     -0.11 
  3011   1252454776.1680    0     -0.11 
  3012   1252454781.8600    0     -0.11 
  3013   1252454787.4600    0     -0.11 
  3014   1252454793.4280    0     -0.11 
  3015   1252454798.9640    0     -0.11 
  3016   1252454804.7800    0     -0.11 
  3017   1252454810.4440    0     -0.11 
  3018   1252454816.3360    0     -0.11 
  3019   1252454822.0840    0     -0.11 
  3020   1252454827.7280    0     -0.11 
  3021   1252454833.6000    0     -0.11 
  3022   1252454839.2560    0     -0.11 
  3023   1252454844.8560    0     -0.11 
  3024   1252454850.8960    0     -0.11 
  3025   1252454856.7000    0     -0.11 
  3026   1252454862.1800    0     -0.11 
  3027   1252454868.1320    0     -0.11 
  3028   1252454873.6320    0     -0.11 
  3029   1252454879.4480    0     -0.11 
  3030   1252454885.3080    0     -0.11 
  3031   1252454890.6680    0     -0.11 
  3032   1252454896.7000    0     -0.11 
  3033   1252454902.9000    0     -0.11 
  3034   1252454908.8040    0     -0.11 
  3035   1252454914.6280    0     -0.11 
  3036   1252454920.4200    0     -0.11 
  3037   1252454926.0880    0     -0.11 
  3038   1252454932.0720    0     -0.11 
  3039   1252454937.5000    0     -0.11 
  3040   1252454943.5520    0     -0.11 
  3041   1252454949.5920    0     -0.11 
  3042   1252454955.1160    0     -0.11 
  3043   1252454961.0920    0     -0.11 
  3044   1252454966.6680    0     -0.11 
  3045   1252454972.7320    0     -0.11 
  3046   1252454978.1920    0     -0.11 
  3047   1252454984.0720    0     -0.11 
  3048   1252454989.6920    0     -0.11 
  3049   1252454995.3560    0     -0.11 
  3050   1252455001.6200    0     -0.05 
  3051   1252455006.9640    0     -0.05 
  3052   1252455012.8560    0     -0.05 
  3053   1252455018.8920    0     -0.05 
  3054   1252455024.4000    0     -0.05 
  3055   1252455030.2080    0     -0.05 
  3056   1252455035.7880    0     -0.05 
  3057   1252455041.2640    0     -0.05 
  3058   1252455047.0600    0     -0.05 
  3059   1252455052.7560    0     -0.05 
  3060   1252455058.6200    0     -0.05 
  3061   1252455064.2320    0     -0.05 
  3062   1252455069.9000    0     -0.05 
  3063   1252455075.7480    0     -0.05 
  3064   1252455081.1480    0     -0.05 
  3065   1252455086.6480    0     -0.05 
  3066   1252455092.5200    0     -0.05 
  3067   1252455098.0800    0     -0.05 
  3068   1252455103.7720    0     -0.05 
  3069   1252455109.6800    0     -0.05 
  3070   1252455115.2480    0     -0.05 
  3071   1252455120.8360    0     -0.05 
  3072   1252455126.6040    0     -0.05 
  3073   1252455132.1640    0     -0.05 
  3074   1252455138.0440    0     -0.05 
  3075   1252455143.7320    0     -0.05 
  3076   1252455149.5040    0     -0.05 
  3077   1252455155.4440    0     -0.05 
  3078   1252455161.4320    0     -0.05 
  3079   1252455167.2400    0     -0.05 
  3080   1252455173.2120    0     -0.05 
  3081   1252455179.0560    0     -0.05 
  3082   1252455184.9520    0     -0.05 
  3083   1252455190.5400    0     -0.05 
  3084   1252455196.6880    0     -0.05 
  3085   1252455202.7960    0     -0.05 
  3086   1252455208.6120    0     -0.05 
  3087   1252455214.3920    0     -0.05 
  3088   1252455220.4640    0     -0.05 
  3089   1252455225.9960    0     -0.05 
  3090   1252455231.8720    0     -0.05 
  3091   1252455237.4920    0     -0.05 
  3092   1252455243.1040    0     -0.05 
  3093   1252455249.3200    0     -0.05 
  3094   1252455255.2520    0     -0.05 
  3095   1252455261.0680    0     -0.05 
  3096   1252455266.9240    0     -0.05 
  3097   1252455272.4880    0     -0.05 
  3098   1252455278.1640    0     -0.05 
  3099   1252455283.6800    0     -0.05 
  3100   1252455289.3640    0     -0.05 
  3101   1252455295.3760    0     -0.05 
  3102   1252455300.9720    0     -0.05 
  3103   1252455306.9160    0     -0.05 
  3104   1252455312.5840    0     -0.05 
  3105   1252455318.0920    0     -0.05 
  3106   1252455324.0240    0     -0.05 
  3107   1252455329.5120    0     -0.05 
  3108   1252455334.8480    0     -0.05 
  3109   1252455341.0400    0     -0.05 
  3110   1252455346.5120    0     -0.05 
  3111   1252455351.9240    0     -0.05 
  3112   1252455357.8160    0     -0.05 
  3113   1252455363.5200    0     -0.05 
  3114   1252455369.5120    0     -0.05 
  3115   1252455374.9680    0     -0.05 
  3116   1252455380.7000    0     -0.05 
  3117   1252455386.3520    0     -0.05 
  3118   1252455391.7720    0     -0.05 
  3119   1252455397.3440    0     -0.05 
  3120   1252455403.0200    0     -0.05 
  3121   1252455408.6160    0     -0.05 
  3122   1252455414.4160    0     -0.05 
  3123   1252455420.2960    0     -0.05 
  3124   1252455425.6680    0     -0.05 
  3125   1252455431.4080    0     -0.05 
  3126   1252455436.9600    0     -0.05 
  3127   1252455442.9480    0     -0.05 
  3128   1252455448.6960    0     -0.05 
  3129   1252455454.1480    0     -0.05 
  3130   1252455460.0560    0     -0.05 
  3131   1252455465.9280    0     -0.05 
  3132   1252455471.6400    0     -0.05 
  3133   1252455477.3040    0     -0.05 
  3134   1252455483.3240    0     -0.05 
  3135   1252455488.6480    0     -0.05 
  3136   1252455494.5320    0     -0.05 
  3137   1252455500.2440    0     -0.05 
  3138   1252455505.5720    0     -0.05 
  3139   1252455511.5440    0     -0.05 
  3140   1252455517.3640    0     -0.05 
  3141   1252455523.2920    0     -0.05 
  3142   1252455528.7920    0     -0.05 
  3143   1252455534.3640    0     -0.05 
  3144   1252455540.2600    0     -0.05 
  3145   1252455545.7360    0     -0.05 
  3146   1252455551.7720    0     -0.05 
  3147   1252455557.5160    0     -0.05 
  3148   1252455563.3280    0     -0.05 
  3149   1252455569.2000    0     -0.05 
  3150   1252455574.9520    0     -0.05 
  3151   1252455580.6320    0     -0.05 
  3152   1252455586.0040    0     -0.05 
  3153   1252455591.8840    0     -0.05 
  3154   1252455597.9320    0     -0.05 
  3155   1252455603.4240    0     0.00 
  3156   1252455609.1880    0     0.00 
  3157   1252455615.0560    0     0.00 
  3158   1252455620.4880    0     0.00 
  3159   1252455626.4800    0     0.00 
  3160   1252455632.2520    0     0.00 
  3161   1252455637.8000    0     0.00 
  3162   1252455643.6800    0     0.00 
  3163   1252455649.6240    0     0.00 
  3164   1252455655.3040    0     0.00 
  3165   1252455660.7880    0     0.00 
  3166   1252455666.3200    0     0.00 
  3167   1252455672.0640    0     0.00 
  3168   1252455678.0040    0     0.00 
  3169   1252455683.7880    0     0.00 
  3170   1252455689.6320    0     0.00 
  3171   1252455695.4160    0     0.00 
  3172   1252455700.8520    0     0.00 
  3173   1252455706.4760    0     0.00 
  3174   1252455712.2960    0     0.00 
  3175   1252455717.5240    0     0.00 
  3176   1252455723.2880    0     0.00 
  3177   1252455729.2680    0     0.00 
  3178   1252455734.8080    0     0.00 
  3179   1252455740.4920    0     0.00 
  3180   1252455746.1520    0     0.00 
  3181   1252455751.8520    0     0.00 
  3182   1252455757.3360    0     0.00 
  3183   1252455763.2320    0     0.00 
  3184   1252455769.1560    0     0.00 
  3185   1252455774.6800    0     0.00 
  3186   1252455780.5640    0     0.00 
  3187   1252455786.0520    0     0.00 
  3188   1252455791.5880    0     0.00 
  3189   1252455797.3920    0     0.00 
  3190   1252455802.8560    0     0.00 
  3191   1252455808.4680    0     0.00 
  3192   1252455814.0840    0     0.00 
  3193   1252455819.7120    0     0.00 
  3194   1252455825.4960    0     0.00 
  3195   1252455831.0440    0     0.00 
  3196   1252455836.9040    0     0.00 
  3197   1252455842.6280    0     0.00 
  3198   1252455847.8360    0     0.00 
  3199   1252455853.5240    0     0.00 
  3200   1252455858.9600    0     0.00 
  3201   1252455864.7720    0     0.00 
  3202   1252455870.1040    0     0.00 
  3203   1252455875.8720    0     0.00 
  3204   1252455881.5800    0     0.00 
  3205   1252455887.3880    0     0.00 
  3206   1252455893.4520    0     0.00 
  3207   1252455898.6640    0     0.00 
  3208   1252455904.3800    0     0.00 
  3209   1252455910.3560    0     0.00 
  3210   1252455915.8360    0     0.00 
  3211   1252455921.6440    0     0.00 
  3212   1252455927.4360    0     0.00 
  3213   1252455933.1600    0     0.00 
  3214   1252455939.1920    0     0.00 
  3215   1252455944.7600    0     0.00 
  3216   1252455950.6920    0     0.00 
  3217   1252455956.4560    0     0.00 
  3218   1252455962.0880    0     0.00 
  3219   1252455967.7640    0     0.00 
  3220   1252455973.3920    0     0.00 
  3221   1252455979.0800    0     0.00 
  3222   1252455984.3640    0     0.00 
  3223   1252455990.3360    0     0.00 
  3224   1252455995.8960    0     0.00 
  3225   1252456001.4680    0     0.00 
  3226   1252456007.3040    0     0.00 
  3227   1252456013.0840    0     0.00 
  3228   1252456018.8440    0     0.00 
  3229   1252456024.6400    0     0.00 
  3230   1252456029.8720    0     0.00 
  3231   1252456035.8840    0     0.00 
  3232   1252456041.2200    0     0.00 
  3233   1252456046.4960    0     0.00 
  3234   1252456052.4640    0     0.00 
  3235   1252456058.2160    0     0.00 
  3236   1252456063.6000    0     0.00 
  3237   1252456069.3320    0     0.00 
  3238   1252456074.8920    0     0.00 
  3239   1252456080.3600    0     0.00 
  3240   1252456086.2240    0     0.00 
  3241   1252456091.6720    0     0.00 
  3242   1252456097.1600    0     0.00 
  3243   1252456102.9680    0     0.00 
  3244   1252456108.5120    0     0.00 
  3245   1252456114.2400    0     0.00 
  3246   1252456119.7560    0     0.00 
  3247   1252456125.3360    0     0.00 
  3248   1252456131.5240    0     0.00 
  3249   1252456136.9400    0     0.00 
  3250   1252456142.2920    0     0.00 
  3251   1252456148.1160    0     0.00 
  3252   1252456153.5480    0     0.00 
  3253   1252456159.2160    0     0.00 
  3254   1252456164.7720    0     0.00 
  3255   1252456170.3720    0     0.00 
  3256   1252456175.9320    0     0.00 
  3257   1252456181.6680    0     0.00 
  3258   1252456187.5880    0     0.00 
  3259   1252456193.2120    0     0.00 
  3260   1252456198.6400    0     0.00 
  3261   1252456204.4480    0     0.06 
  3262   1252456210.2600    0     0.06 
  3263   1252456216.0560    0     0.06 
  3264   1252456221.5040    0     0.06 
  3265   1252456227.4200    0     0.06 
  3266   1252456232.7040    0     0.06 
  3267   1252456238.3560    0     0.06 
  3268   1252456244.2760    0     0.06 
  3269   1252456249.9120    0     0.06 
  3270   1252456255.4480    0     0.06 
  3271   1252456261.0440    0     0.06 
  3272   1252456266.5960    0     0.06 
  3273   1252456272.4320    0     0.06 
  3274   1252456278.2160    0     0.06 
  3275   1252456283.8640    0     0.06 
  3276   1252456289.3120    0     0.06 
  3277   1252456295.1760    0     0.06 
  3278   1252456300.9360    0     0.06 
  3279   1252456306.8600    0     0.06 
  3280   1252456312.8960    0     0.06 
  3281   1252456318.5800    0     0.06 
  3282   1252456324.3920    0     0.06 
  3283   1252456330.0720    0     0.06 
  3284   1252456335.2880    0     0.06 
  3285   1252456341.1240    0     0.06 
  3286   1252456346.6440    0     0.06 
  3287   1252456352.1200    0     0.06 
  3288   1252456357.6480    0     0.06 
  3289   1252456363.8000    0     0.06 
  3290   1252456369.2440    0     0.06 
  3291   1252456375.2440    0     0.06 
  3292   1252456381.2960    0     0.06 
  3293   1252456386.7040    0     0.06 
  3294   1252456392.2400    0     0.06 
  3295   1252456398.5720    0     0.06 
  3296   1252456403.9800    0     0.06 
  3297   1252456409.6600    0     0.06 
  3298   1252456415.7600    0     0.06 
  3299   1252456421.2600    0     0.06 
  3300   1252456427.0200    0     0.06 
  3301   1252456432.6440    0     0.06 
  3302   1252456438.3000    0     0.06 
  3303   1252456443.8080    0     0.06 
  3304   1252456449.4800    0     0.06 
  3305   1252456455.2800    0     0.06 
  3306   1252456460.6720    0     0.06 
  3307   1252456466.1960    0     0.06 
  3308   1252456471.9040    0     0.06 
  3309   1252456477.4960    0     0.06 
  3310   1252456482.8720    0     0.06 
  3311   1252456488.7360    0     0.06 
  3312   1252456494.3320    0     0.06 
  3313   1252456499.8640    0     0.06 
  3314   1252456505.5600    0     0.06 
  3315   1252456510.9240    0     0.06 
  3316   1252456516.1080    0     0.06 
  3317   1252456521.9240    0     0.06 
  3318   1252456527.7480    0     0.06 
  3319   1252456533.1200    0     0.06 
  3320   1252456538.8720    0     0.06 
  3321   1252456544.5040    0     0.06 
  3322   1252456550.0200    0     0.06 
  3323   1252456555.5680    0     0.06 
  3324   1252456560.9520    0     0.06 
  3325   1252456566.8080    0     0.06 
  3326   1252456572.3720    0     0.06 
  3327   1252456577.6520    0     0.06 
  3328   1252456583.3360    0     0.06 
  3329   1252456588.7880    0     0.06 
  3330   1252456594.3160    0     0.06 
  3331   1252456599.8760    0     0.06 
  3332   1252456605.4920    0     0.06 
  3333   1252456611.2400    0     0.06 
  3334   1252456616.5360    0     0.06 
  3335   1252456622.3120    0     0.06 
  3336   1252456628.0400    0     0.06 
  3337   1252456633.5080    0     0.06 
  3338   1252456639.1760    0     0.06 
  3339   1252456644.5800    0     0.06 
  3340   1252456650.3360    0     0.06 
  3341   1252456655.9960    0     0.06 
  3342   1252456661.6480    0     0.06 
  3343   1252456667.6280    0     0.06 
  3344   1252456673.2560    0     0.06 
  3345   1252456678.8440    0     0.06 
  3346   1252456684.5160    0     0.06 
  3347   1252456689.9320    0     0.06 
  3348   1252456695.5040    0     0.06 
  3349   1252456701.0680    0     0.06 
  3350   1252456706.7480    0     0.06 
  3351   1252456712.4880    0     0.06 
  3352   1252456718.1440    0     0.06 
  3353   1252456723.8360    0     0.06 
  3354   1252456729.2840    0     0.06 
  3355   1252456735.2040    0     0.06 
  3356   1252456740.7360    0     0.06 
  3357   1252456746.4480    0     0.06 
  3358   1252456752.1880    0     0.06 
  3359   1252456757.8640    0     0.06 
  3360   1252456763.6040    0     0.06 
  3361   1252456769.4880    0     0.06 
  3362   1252456775.0720    0     0.06 
  3363   1252456780.8760    0     0.06 
