# UltraTide data for line 1595P2045/nrt
#Shot    Time               status  ultraTide 
#Name: ACO.ULTRATIDE1
  1088   1252611938.1520    0     -0.16 
  1089   1252611944.0680    0     -0.16 
  1090   1252611950.1760    0     -0.16 
  1091   1252611955.9320    0     -0.16 
  1092   1252611962.1160    0     -0.16 
  1093   1252611968.1600    0     -0.16 
  1094   1252611974.1680    0     -0.16 
  1095   1252611980.3720    0     -0.16 
  1096   1252611986.4840    0     -0.16 
  1097   1252611992.3680    0     -0.16 
  1098   1252611998.5680    0     -0.16 
  1099   1252612004.5360    0     -0.16 
  1100   1252612010.5160    0     -0.16 
  1101   1252612016.4720    0     -0.16 
  1102   1252612022.6880    0     -0.16 
  1103   1252612028.5000    0     -0.16 
  1104   1252612034.5720    0     -0.16 
  1105   1252612040.7240    0     -0.16 
  1106   1252612046.5280    0     -0.16 
  1107   1252612052.6920    0     -0.16 
  1108   1252612058.7400    0     -0.16 
  1109   1252612064.4880    0     -0.16 
  1110   1252612070.4960    0     -0.16 
  1111   1252612076.8040    0     -0.16 
  1112   1252612082.8600    0     -0.16 
  1113   1252612088.5400    0     -0.16 
  1114   1252612094.5240    0     -0.16 
  1115   1252612100.4240    0     -0.16 
  1116   1252612106.1880    0     -0.16 
  1117   1252612112.3040    0     -0.16 
  1118   1252612118.3680    0     -0.16 
  1119   1252612124.2440    0     -0.16 
  1120   1252612130.4800    0     -0.16 
  1121   1252612136.3560    0     -0.16 
  1122   1252612142.3920    0     -0.16 
  1123   1252612148.4480    0     -0.16 
  1124   1252612154.5640    0     -0.16 
  1125   1252612160.4600    0     -0.16 
  1126   1252612166.4120    0     -0.16 
  1127   1252612172.2760    0     -0.16 
  1128   1252612178.3920    0     -0.16 
  1129   1252612184.3600    0     -0.16 
  1130   1252612190.2080    0     -0.16 
  1131   1252612196.1920    0     -0.16 
  1132   1252612202.1560    0     -0.14 
  1133   1252612208.2160    0     -0.14 
  1134   1252612214.1040    0     -0.14 
  1135   1252612219.9080    0     -0.14 
  1136   1252612225.9680    0     -0.14 
  1137   1252612231.8640    0     -0.14 
  1138   1252612237.9360    0     -0.14 
  1139   1252612243.7800    0     -0.14 
  1140   1252612249.4320    0     -0.14 
  1141   1252612255.6000    0     -0.14 
  1142   1252612261.5120    0     -0.14 
  1143   1252612267.0560    0     -0.14 
  1144   1252612273.1320    0     -0.14 
  1145   1252612279.1840    0     -0.14 
  1146   1252612284.8040    0     -0.14 
  1147   1252612290.8560    0     -0.14 
  1148   1252612297.1040    0     -0.14 
  1149   1252612302.8880    0     -0.14 
  1150   1252612308.6560    0     -0.14 
  1151   1252612314.4840    0     -0.14 
  1152   1252612320.4040    0     -0.14 
  1153   1252612326.1360    0     -0.14 
  1154   1252612332.1920    0     -0.14 
  1155   1252612338.1960    0     -0.14 
  1156   1252612344.0120    0     -0.14 
  1157   1252612350.1520    0     -0.14 
  1158   1252612356.0560    0     -0.14 
  1159   1252612361.9840    0     -0.14 
  1160   1252612368.1480    0     -0.14 
  1161   1252612373.8680    0     -0.14 
  1162   1252612379.4920    0     -0.14 
  1163   1252612385.7440    0     -0.14 
  1164   1252612391.7000    0     -0.14 
  1165   1252612397.3880    0     -0.14 
  1166   1252612403.3080    0     -0.14 
  1167   1252612409.3360    0     -0.14 
  1168   1252612415.1480    0     -0.14 
  1169   1252612420.9360    0     -0.14 
  1170   1252612427.0840    0     -0.14 
  1171   1252612432.9960    0     -0.14 
  1172   1252612438.6920    0     -0.14 
  1173   1252612444.7200    0     -0.14 
  1174   1252612450.7080    0     -0.14 
  1175   1252612456.4000    0     -0.14 
  1176   1252612462.2240    0     -0.14 
  1177   1252612468.1360    0     -0.14 
  1178   1252612473.9720    0     -0.14 
  1179   1252612479.9320    0     -0.14 
  1180   1252612485.9240    0     -0.14 
  1181   1252612491.6320    0     -0.14 
  1182   1252612497.5200    0     -0.14 
  1183   1252612503.6080    0     -0.14 
  1184   1252612509.5960    0     -0.14 
  1185   1252612515.5560    0     -0.14 
  1186   1252612521.5360    0     -0.14 
  1187   1252612527.4400    0     -0.14 
  1188   1252612533.2680    0     -0.14 
  1189   1252612539.3560    0     -0.14 
  1190   1252612545.1760    0     -0.14 
  1191   1252612551.1520    0     -0.14 
  1192   1252612557.0200    0     -0.14 
  1193   1252612563.0280    0     -0.14 
  1194   1252612568.8240    0     -0.14 
  1195   1252612574.5840    0     -0.14 
  1196   1252612580.6480    0     -0.14 
  1197   1252612586.5320    0     -0.14 
  1198   1252612592.4400    0     -0.14 
  1199   1252612598.5000    0     -0.14 
  1200   1252612604.4560    0     -0.14 
  1201   1252612610.2960    0     -0.14 
  1202   1252612616.3040    0     -0.14 
  1203   1252612622.1200    0     -0.14 
  1204   1252612628.0400    0     -0.14 
  1205   1252612634.1560    0     -0.14 
  1206   1252612640.1440    0     -0.14 
  1207   1252612646.2480    0     -0.14 
  1208   1252612652.2640    0     -0.14 
  1209   1252612658.1560    0     -0.14 
  1210   1252612664.3360    0     -0.14 
  1211   1252612670.2680    0     -0.14 
  1212   1252612676.2080    0     -0.14 
  1213   1252612682.3080    0     -0.14 
  1214   1252612688.0520    0     -0.14 
  1215   1252612694.1640    0     -0.14 
  1216   1252612700.0720    0     -0.14 
  1217   1252612705.8880    0     -0.14 
  1218   1252612711.7560    0     -0.14 
  1219   1252612717.8600    0     -0.14 
  1220   1252612723.8000    0     -0.14 
  1221   1252612729.6280    0     -0.14 
  1222   1252612735.5000    0     -0.14 
  1223   1252612741.2120    0     -0.14 
  1224   1252612746.9360    0     -0.14 
  1225   1252612752.8080    0     -0.14 
  1226   1252612758.8400    0     -0.14 
  1227   1252612764.5600    0     -0.14 
  1228   1252612770.4200    0     -0.14 
  1229   1252612776.2920    0     -0.14 
  1230   1252612782.0400    0     -0.14 
  1231   1252612787.9720    0     -0.14 
  1232   1252612793.7360    0     -0.14 
  1233   1252612799.5400    0     -0.17 
  1234   1252612805.5040    0     -0.19 
  1235   1252612811.5840    0     -0.19 
  1236   1252612817.7360    0     -0.19 
  1237   1252612823.6920    0     -0.19 
  1238   1252612829.7680    0     -0.19 
  1239   1252612835.6800    0     -0.19 
  1240   1252612841.8640    0     -0.19 
  1241   1252612847.9040    0     -0.19 
  1242   1252612853.8480    0     -0.19 
  1243   1252612859.8680    0     -0.19 
  1244   1252612865.8440    0     -0.19 
  1245   1252612871.8240    0     -0.19 
  1246   1252612877.7360    0     -0.19 
  1247   1252612883.7000    0     -0.19 
  1248   1252612889.7280    0     -0.19 
  1249   1252612895.8320    0     -0.19 
  1250   1252612901.8720    0     -0.19 
  1251   1252612907.6040    0     -0.19 
  1252   1252612913.6280    0     -0.19 
  1253   1252612919.6880    0     -0.19 
  1254   1252612925.5480    0     -0.19 
  1255   1252612931.8880    0     -0.19 
  1256   1252612937.8800    0     -0.19 
  1257   1252612943.7680    0     -0.19 
  1258   1252612949.7800    0     -0.19 
  1259   1252612955.8120    0     -0.19 
  1260   1252612961.7400    0     -0.19 
  1261   1252612967.5200    0     -0.19 
  1262   1252612973.5080    0     -0.19 
  1263   1252612979.5280    0     -0.19 
  1264   1252612985.2240    0     -0.19 
  1265   1252612990.9840    0     -0.19 
  1266   1252612996.7400    0     -0.19 
  1267   1252613002.6560    0     -0.19 
  1268   1252613008.2400    0     -0.19 
  1269   1252613014.0560    0     -0.19 
  1270   1252613019.9800    0     -0.19 
  1271   1252613025.7720    0     -0.19 
  1272   1252613031.6000    0     -0.19 
  1273   1252613037.5240    0     -0.19 
  1274   1252613043.2840    0     -0.19 
  1275   1252613049.1480    0     -0.19 
  1276   1252613055.2160    0     -0.19 
  1277   1252613061.2720    0     -0.19 
  1278   1252613067.1880    0     -0.19 
  1279   1252613073.1720    0     -0.19 
  1280   1252613079.1080    0     -0.19 
  1281   1252613085.0280    0     -0.19 
  1282   1252613091.0360    0     -0.19 
  1283   1252613096.7880    0     -0.19 
  1284   1252613102.8200    0     -0.19 
  1285   1252613108.6920    0     -0.19 
  1286   1252613114.6640    0     -0.19 
  1287   1252613120.5320    0     -0.19 
  1288   1252613126.3920    0     -0.19 
  1289   1252613132.2360    0     -0.19 
  1290   1252613138.2880    0     -0.19 
  1291   1252613144.1800    0     -0.19 
  1292   1252613149.9040    0     -0.19 
  1293   1252613155.9600    0     -0.19 
  1294   1252613161.7560    0     -0.19 
  1295   1252613167.5040    0     -0.19 
  1296   1252613173.4120    0     -0.19 
  1297   1252613179.2920    0     -0.19 
  1298   1252613185.0680    0     -0.19 
  1299   1252613190.9520    0     -0.19 
  1300   1252613196.8320    0     -0.19 
  1301   1252613202.8680    0     -0.19 
  1302   1252613208.8640    0     -0.19 
  1303   1252613214.6440    0     -0.19 
  1304   1252613220.8600    0     -0.19 
  1305   1252613226.9040    0     -0.19 
  1306   1252613232.6560    0     -0.19 
  1307   1252613238.7240    0     -0.19 
  1308   1252613244.6920    0     -0.19 
  1309   1252613250.5640    0     -0.19 
  1310   1252613256.2040    0     -0.19 
  1311   1252613262.3120    0     -0.19 
  1312   1252613268.2200    0     -0.19 
  1313   1252613273.9480    0     -0.19 
  1314   1252613280.0280    0     -0.19 
  1315   1252613285.9520    0     -0.19 
  1316   1252613291.7080    0     -0.19 
  1317   1252613297.7240    0     -0.19 
  1318   1252613303.6360    0     -0.19 
  1319   1252613309.5240    0     -0.19 
  1320   1252613315.4760    0     -0.19 
  1321   1252613321.3240    0     -0.19 
  1322   1252613327.2240    0     -0.19 
  1323   1252613333.0760    0     -0.19 
  1324   1252613338.9560    0     -0.19 
  1325   1252613344.8120    0     -0.19 
  1326   1252613350.7720    0     -0.19 
  1327   1252613356.4840    0     -0.19 
  1328   1252613362.4760    0     -0.19 
  1329   1252613368.1760    0     -0.19 
  1330   1252613373.9360    0     -0.19 
  1331   1252613379.8160    0     -0.19 
  1332   1252613385.6680    0     -0.19 
  1333   1252613391.4160    0     -0.19 
  1334   1252613397.3320    0     -0.19 
  1335   1252613403.5160    0     -0.21 
  1336   1252613409.4520    0     -0.21 
  1337   1252613415.2480    0     -0.21 
  1338   1252613421.1800    0     -0.21 
  1339   1252613426.9320    0     -0.21 
  1340   1252613432.6720    0     -0.21 
  1341   1252613438.6800    0     -0.21 
  1342   1252613444.6120    0     -0.21 
  1343   1252613450.4800    0     -0.21 
  1344   1252613456.3480    0     -0.21 
  1345   1252613462.1800    0     -0.21 
  1346   1252613468.0000    0     -0.21 
  1347   1252613473.9520    0     -0.21 
  1348   1252613479.7840    0     -0.21 
  1349   1252613485.7000    0     -0.21 
  1350   1252613491.5280    0     -0.21 
  1351   1252613497.3360    0     -0.21 
  1352   1252613503.2520    0     -0.21 
  1353   1252613508.8920    0     -0.21 
  1354   1252613514.6680    0     -0.21 
  1355   1252613520.6560    0     -0.21 
  1356   1252613526.3760    0     -0.21 
  1357   1252613532.1080    0     -0.21 
  1358   1252613537.9720    0     -0.21 
  1359   1252613543.5200    0     -0.21 
  1360   1252613549.2280    0     -0.21 
  1361   1252613555.2840    0     -0.21 
  1362   1252613561.0000    0     -0.21 
  1363   1252613566.5600    0     -0.21 
  1364   1252613572.5560    0     -0.21 
  1365   1252613578.2760    0     -0.21 
  1366   1252613583.8920    0     -0.21 
  1367   1252613589.8440    0     -0.21 
  1368   1252613595.6440    0     -0.21 
  1369   1252613601.4240    0     -0.21 
  1370   1252613607.2160    0     -0.21 
  1371   1252613613.0680    0     -0.21 
  1372   1252613618.9440    0     -0.21 
  1373   1252613624.8320    0     -0.21 
  1374   1252613630.7280    0     -0.21 
  1375   1252613636.4320    0     -0.21 
  1376   1252613642.2360    0     -0.21 
  1377   1252613648.1040    0     -0.21 
  1378   1252613653.8760    0     -0.21 
  1379   1252613659.6760    0     -0.21 
  1380   1252613665.5080    0     -0.21 
  1381   1252613671.2760    0     -0.21 
  1382   1252613677.3360    0     -0.21 
  1383   1252613683.1440    0     -0.21 
  1384   1252613688.8800    0     -0.21 
  1385   1252613694.6960    0     -0.21 
  1386   1252613700.6640    0     -0.21 
  1387   1252613706.3360    0     -0.21 
  1388   1252613712.1880    0     -0.21 
  1389   1252613717.8320    0     -0.21 
  1390   1252613723.5400    0     -0.21 
  1391   1252613729.1360    0     -0.21 
  1392   1252613734.8760    0     -0.21 
  1393   1252613740.7360    0     -0.21 
  1394   1252613746.3920    0     -0.21 
  1395   1252613752.1800    0     -0.21 
  1396   1252613757.8920    0     -0.21 
  1397   1252613763.6240    0     -0.21 
  1398   1252613769.4080    0     -0.21 
  1399   1252613775.1040    0     -0.21 
  1400   1252613780.9520    0     -0.21 
  1401   1252613786.7000    0     -0.21 
  1402   1252613792.3520    0     -0.21 
  1403   1252613798.0880    0     -0.21 
  1404   1252613803.6560    0     -0.21 
  1405   1252613809.4440    0     -0.21 
  1406   1252613814.9520    0     -0.21 
  1407   1252613820.7160    0     -0.21 
  1408   1252613826.4680    0     -0.21 
  1409   1252613832.2360    0     -0.21 
  1410   1252613838.0320    0     -0.21 
  1411   1252613843.8200    0     -0.21 
  1412   1252613849.4680    0     -0.21 
  1413   1252613855.1600    0     -0.21 
  1414   1252613860.8560    0     -0.21 
  1415   1252613866.4440    0     -0.21 
  1416   1252613872.3280    0     -0.21 
  1417   1252613878.0000    0     -0.21 
  1418   1252613883.6760    0     -0.21 
  1419   1252613889.4840    0     -0.21 
  1420   1252613895.2720    0     -0.21 
  1421   1252613901.1160    0     -0.21 
  1422   1252613906.9520    0     -0.21 
  1423   1252613912.7040    0     -0.21 
  1424   1252613918.3160    0     -0.21 
  1425   1252613924.2560    0     -0.21 
  1426   1252613929.9360    0     -0.21 
  1427   1252613935.7880    0     -0.21 
  1428   1252613941.6600    0     -0.21 
  1429   1252613947.4080    0     -0.21 
  1430   1252613953.4120    0     -0.21 
  1431   1252613959.3800    0     -0.21 
  1432   1252613965.1000    0     -0.21 
  1433   1252613970.9560    0     -0.21 
  1434   1252613976.8920    0     -0.21 
  1435   1252613982.7280    0     -0.21 
  1436   1252613988.4880    0     -0.21 
  1437   1252613994.3480    0     -0.21 
  1438   1252614000.0120    0     -0.20 
  1439   1252614005.7840    0     -0.20 
  1440   1252614011.6720    0     -0.20 
  1441   1252614017.2760    0     -0.20 
  1442   1252614023.0880    0     -0.20 
  1443   1252614028.8360    0     -0.20 
  1444   1252614034.4080    0     -0.20 
  1445   1252614040.2360    0     -0.20 
  1446   1252614045.8760    0     -0.20 
  1447   1252614051.6560    0     -0.20 
  1448   1252614057.3320    0     -0.20 
  1449   1252614063.1120    0     -0.20 
  1450   1252614068.9480    0     -0.20 
  1451   1252614074.7880    0     -0.20 
  1452   1252614080.6200    0     -0.20 
  1453   1252614086.3840    0     -0.20 
  1454   1252614092.1560    0     -0.20 
  1455   1252614098.0480    0     -0.20 
  1456   1252614103.7480    0     -0.20 
  1457   1252614109.5080    0     -0.20 
  1458   1252614115.1840    0     -0.20 
  1459   1252614120.8200    0     -0.20 
  1460   1252614126.4760    0     -0.20 
  1461   1252614132.1040    0     -0.20 
  1462   1252614137.6680    0     -0.20 
  1463   1252614143.3840    0     -0.20 
  1464   1252614148.9240    0     -0.20 
  1465   1252614154.7600    0     -0.20 
  1466   1252614160.4760    0     -0.20 
  1467   1252614166.1560    0     -0.20 
  1468   1252614171.8160    0     -0.20 
  1469   1252614177.2520    0     -0.20 
  1470   1252614183.0360    0     -0.20 
  1471   1252614188.8960    0     -0.20 
  1472   1252614194.7000    0     -0.20 
  1473   1252614200.4440    0     -0.20 
  1474   1252614206.1000    0     -0.20 
  1475   1252614211.9480    0     -0.20 
  1476   1252614217.6640    0     -0.20 
  1477   1252614223.1680    0     -0.20 
  1478   1252614228.9840    0     -0.20 
  1479   1252614234.5720    0     -0.20 
  1480   1252614240.2880    0     -0.20 
  1481   1252614245.9440    0     -0.20 
  1482   1252614251.4640    0     -0.20 
  1483   1252614257.0400    0     -0.20 
  1484   1252614262.7760    0     -0.20 
  1485   1252614268.1120    0     -0.20 
  1486   1252614273.9440    0     -0.20 
  1487   1252614279.4760    0     -0.20 
  1488   1252614284.9120    0     -0.20 
  1489   1252614290.7600    0     -0.20 
  1490   1252614296.3520    0     -0.20 
  1491   1252614301.8200    0     -0.20 
  1492   1252614307.5040    0     -0.20 
  1493   1252614313.2760    0     -0.20 
  1494   1252614318.7720    0     -0.20 
  1495   1252614324.3680    0     -0.20 
  1496   1252614330.0560    0     -0.20 
  1497   1252614335.7480    0     -0.20 
  1498   1252614341.4600    0     -0.20 
  1499   1252614347.0240    0     -0.20 
  1500   1252614352.6360    0     -0.20 
  1501   1252614358.1600    0     -0.20 
  1502   1252614363.7680    0     -0.20 
  1503   1252614369.6120    0     -0.20 
  1504   1252614375.3080    0     -0.20 
  1505   1252614380.9120    0     -0.20 
  1506   1252614386.6920    0     -0.20 
  1507   1252614392.2760    0     -0.20 
  1508   1252614398.0000    0     -0.20 
  1509   1252614403.7000    0     -0.20 
  1510   1252614409.3920    0     -0.20 
  1511   1252614415.0720    0     -0.20 
  1512   1252614420.9400    0     -0.20 
  1513   1252614426.5640    0     -0.20 
  1514   1252614432.0760    0     -0.20 
  1515   1252614437.8880    0     -0.20 
  1516   1252614443.5040    0     -0.20 
  1517   1252614449.0920    0     -0.20 
  1518   1252614454.7240    0     -0.20 
  1519   1252614460.4000    0     -0.20 
  1520   1252614466.0360    0     -0.20 
  1521   1252614471.8600    0     -0.20 
  1522   1252614477.4160    0     -0.20 
  1523   1252614483.2400    0     -0.20 
  1524   1252614488.9440    0     -0.20 
  1525   1252614494.3480    0     -0.20 
  1526   1252614500.0400    0     -0.20 
  1527   1252614505.9080    0     -0.20 
  1528   1252614511.6800    0     -0.20 
  1529   1252614517.2240    0     -0.20 
  1530   1252614522.9200    0     -0.20 
  1531   1252614528.5920    0     -0.20 
  1532   1252614534.3800    0     -0.20 
  1533   1252614540.1120    0     -0.20 
  1534   1252614545.6200    0     -0.20 
  1535   1252614551.4320    0     -0.20 
  1536   1252614557.1360    0     -0.20 
  1537   1252614562.7880    0     -0.20 
  1538   1252614568.4400    0     -0.20 
  1539   1252614574.1320    0     -0.20 
  1540   1252614579.4440    0     -0.20 
  1541   1252614585.1320    0     -0.20 
  1542   1252614590.6440    0     -0.20 
  1543   1252614596.2920    0     -0.20 
  1544   1252614601.9560    0     -0.21 
  1545   1252614607.2240    0     -0.21 
  1546   1252614612.9760    0     -0.21 
  1547   1252614618.3440    0     -0.21 
  1548   1252614623.8680    0     -0.21 
  1549   1252614629.3160    0     -0.21 
  1550   1252614634.5680    0     -0.21 
  1551   1252614640.2560    0     -0.21 
  1552   1252614645.6360    0     -0.21 
  1553   1252614650.9600    0     -0.21 
  1554   1252614656.6680    0     -0.21 
  1555   1252614661.8560    0     -0.21 
  1556   1252614667.3720    0     -0.21 
  1557   1252614673.1200    0     -0.21 
  1558   1252614678.4440    0     -0.21 
  1559   1252614684.0160    0     -0.21 
  1560   1252614689.4800    0     -0.21 
  1561   1252614695.0680    0     -0.21 
  1562   1252614700.6880    0     -0.21 
  1563   1252614706.0240    0     -0.21 
  1564   1252614711.7680    0     -0.21 
  1565   1252614717.2200    0     -0.21 
  1566   1252614723.0160    0     -0.21 
  1567   1252614729.0280    0     -0.21 
  1568   1252614734.2680    0     -0.21 
  1569   1252614740.1000    0     -0.21 
  1570   1252614745.6400    0     -0.21 
  1571   1252614751.1840    0     -0.21 
  1572   1252614756.7760    0     -0.21 
  1573   1252614762.2360    0     -0.21 
  1574   1252614767.9760    0     -0.21 
  1575   1252614773.6280    0     -0.21 
  1576   1252614779.0680    0     -0.21 
  1577   1252614784.7040    0     -0.21 
  1578   1252614790.3480    0     -0.21 
  1579   1252614795.7760    0     -0.21 
  1580   1252614801.4720    0     -0.21 
  1581   1252614807.1800    0     -0.21 
  1582   1252614812.6680    0     -0.21 
  1583   1252614818.1640    0     -0.21 
  1584   1252614823.6480    0     -0.21 
  1585   1252614829.1480    0     -0.21 
  1586   1252614834.7880    0     -0.21 
  1587   1252614840.2120    0     -0.21 
  1588   1252614845.8080    0     -0.21 
  1589   1252614851.3000    0     -0.21 
  1590   1252614856.9080    0     -0.21 
  1591   1252614862.4120    0     -0.21 
  1592   1252614867.8280    0     -0.21 
  1593   1252614873.3800    0     -0.21 
  1594   1252614878.6000    0     -0.21 
  1595   1252614884.0440    0     -0.21 
  1596   1252614889.5280    0     -0.21 
  1597   1252614894.8440    0     -0.21 
  1598   1252614900.2600    0     -0.21 
  1599   1252614905.7920    0     -0.21 
  1600   1252614911.2920    0     -0.21 
  1601   1252614916.7320    0     -0.21 
  1602   1252614922.3760    0     -0.21 
  1603   1252614927.7640    0     -0.21 
  1604   1252614933.3920    0     -0.21 
  1605   1252614938.8080    0     -0.21 
  1606   1252614944.4680    0     -0.21 
  1607   1252614949.9360    0     -0.21 
  1608   1252614955.3240    0     -0.21 
  1609   1252614960.8040    0     -0.21 
  1610   1252614966.3360    0     -0.21 
  1611   1252614971.7840    0     -0.21 
  1612   1252614977.0160    0     -0.21 
  1613   1252614982.6800    0     -0.21 
  1614   1252614988.0160    0     -0.21 
  1615   1252614993.5760    0     -0.21 
  1616   1252614999.1760    0     -0.21 
  1617   1252615004.4560    0     -0.21 
  1618   1252615010.1360    0     -0.21 
  1619   1252615015.5640    0     -0.21 
  1620   1252615021.0400    0     -0.21 
  1621   1252615026.5880    0     -0.21 
  1622   1252615032.0440    0     -0.21 
  1623   1252615037.4360    0     -0.21 
  1624   1252615043.0080    0     -0.21 
  1625   1252615048.3680    0     -0.21 
  1626   1252615054.0240    0     -0.21 
  1627   1252615059.4560    0     -0.21 
  1628   1252615064.6520    0     -0.21 
  1629   1252615070.3400    0     -0.21 
  1630   1252615076.1080    0     -0.21 
  1631   1252615081.6200    0     -0.21 
  1632   1252615087.0600    0     -0.21 
  1633   1252615092.7520    0     -0.21 
  1634   1252615098.2480    0     -0.21 
  1635   1252615103.7640    0     -0.21 
  1636   1252615109.1720    0     -0.21 
  1637   1252615114.7920    0     -0.21 
  1638   1252615120.1440    0     -0.21 
  1639   1252615125.5560    0     -0.21 
  1640   1252615131.1360    0     -0.21 
  1641   1252615136.4840    0     -0.21 
  1642   1252615142.0640    0     -0.21 
  1643   1252615147.6960    0     -0.21 
  1644   1252615152.8880    0     -0.21 
  1645   1252615158.4320    0     -0.21 
  1646   1252615164.2000    0     -0.21 
  1647   1252615169.7480    0     -0.21 
  1648   1252615175.2240    0     -0.21 
  1649   1252615180.7560    0     -0.21 
  1650   1252615186.2280    0     -0.21 
  1651   1252615191.6600    0     -0.21 
  1652   1252615197.0400    0     -0.21 
  1653   1252615202.6360    0     -0.20 
  1654   1252615208.0800    0     -0.20 
  1655   1252615213.5600    0     -0.20 
  1656   1252615218.9760    0     -0.20 
  1657   1252615224.4240    0     -0.20 
  1658   1252615229.8680    0     -0.20 
  1659   1252615235.4360    0     -0.20 
  1660   1252615240.7400    0     -0.20 
  1661   1252615246.1520    0     -0.20 
  1662   1252615251.5800    0     -0.20 
  1663   1252615257.1040    0     -0.20 
  1664   1252615262.5160    0     -0.20 
  1665   1252615268.0760    0     -0.20 
  1666   1252615273.7200    0     -0.20 
  1667   1252615279.3600    0     -0.20 
  1668   1252615284.9240    0     -0.20 
  1669   1252615290.4360    0     -0.20 
  1670   1252615296.1920    0     -0.20 
  1671   1252615302.0120    0     -0.20 
  1672   1252615307.3280    0     -0.20 
  1673   1252615312.9920    0     -0.20 
  1674   1252615318.5760    0     -0.20 
  1675   1252615323.8560    0     -0.20 
  1676   1252615329.4920    0     -0.20 
  1677   1252615334.8520    0     -0.20 
  1678   1252615340.3840    0     -0.20 
  1679   1252615346.0120    0     -0.20 
  1680   1252615351.4840    0     -0.20 
  1681   1252615357.0120    0     -0.20 
  1682   1252615362.5960    0     -0.20 
  1683   1252615368.1600    0     -0.20 
  1684   1252615373.7960    0     -0.20 
  1685   1252615379.4240    0     -0.20 
  1686   1252615385.1080    0     -0.20 
  1687   1252615390.5840    0     -0.20 
  1688   1252615396.2560    0     -0.20 
  1689   1252615401.9440    0     -0.20 
  1690   1252615407.4040    0     -0.20 
  1691   1252615413.1040    0     -0.20 
  1692   1252615418.5480    0     -0.20 
  1693   1252615424.2360    0     -0.20 
  1694   1252615429.9320    0     -0.20 
  1695   1252615435.1360    0     -0.20 
  1696   1252615440.8840    0     -0.20 
  1697   1252615446.3840    0     -0.20 
  1698   1252615451.9400    0     -0.20 
  1699   1252615457.5280    0     -0.20 
  1700   1252615462.9600    0     -0.20 
  1701   1252615468.4560    0     -0.20 
  1702   1252615474.0600    0     -0.20 
  1703   1252615479.3240    0     -0.20 
  1704   1252615485.0160    0     -0.20 
  1705   1252615490.5360    0     -0.20 
  1706   1252615496.1440    0     -0.20 
  1707   1252615501.5880    0     -0.20 
  1708   1252615506.9400    0     -0.20 
  1709   1252615512.3680    0     -0.20 
  1710   1252615517.9040    0     -0.20 
  1711   1252615523.2920    0     -0.20 
  1712   1252615528.9640    0     -0.20 
  1713   1252615534.6520    0     -0.20 
  1714   1252615540.1160    0     -0.20 
  1715   1252615545.8360    0     -0.20 
  1716   1252615551.3160    0     -0.20 
  1717   1252615556.8320    0     -0.20 
  1718   1252615562.4560    0     -0.20 
  1719   1252615567.8640    0     -0.20 
  1720   1252615573.4400    0     -0.20 
  1721   1252615578.9040    0     -0.20 
  1722   1252615584.2680    0     -0.20 
  1723   1252615589.8680    0     -0.20 
  1724   1252615595.1720    0     -0.20 
  1725   1252615600.8240    0     -0.20 
  1726   1252615606.4640    0     -0.20 
  1727   1252615612.0520    0     -0.20 
  1728   1252615617.7280    0     -0.20 
  1729   1252615623.4360    0     -0.20 
  1730   1252615629.0280    0     -0.20 
  1731   1252615634.6560    0     -0.20 
  1732   1252615640.5480    0     -0.20 
  1733   1252615646.1120    0     -0.20 
  1734   1252615651.2960    0     -0.20 
  1735   1252615657.3440    0     -0.20 
  1736   1252615663.1720    0     -0.20 
  1737   1252615668.5640    0     -0.20 
  1738   1252615674.2040    0     -0.20 
  1739   1252615679.9720    0     -0.20 
  1740   1252615685.5960    0     -0.20 
  1741   1252615691.1040    0     -0.20 
  1742   1252615696.6080    0     -0.20 
  1743   1252615702.4120    0     -0.20 
  1744   1252615707.7560    0     -0.20 
  1745   1252615713.5560    0     -0.20 
  1746   1252615719.2000    0     -0.20 
  1747   1252615724.6360    0     -0.20 
  1748   1252615730.2280    0     -0.20 
  1749   1252615735.8600    0     -0.20 
  1750   1252615741.3360    0     -0.20 
  1751   1252615746.9880    0     -0.20 
  1752   1252615752.5320    0     -0.20 
  1753   1252615758.1240    0     -0.20 
  1754   1252615764.0840    0     -0.20 
  1755   1252615769.5920    0     -0.20 
  1756   1252615775.3320    0     -0.20 
  1757   1252615781.0400    0     -0.20 
  1758   1252615786.4480    0     -0.20 
  1759   1252615792.3120    0     -0.20 
  1760   1252615798.2680    0     -0.20 
  1761   1252615803.5960    0     -0.22 
  1762   1252615809.3400    0     -0.22 
  1763   1252615815.0200    0     -0.22 
  1764   1252615820.5000    0     -0.22 
  1765   1252615826.1560    0     -0.22 
  1766   1252615831.6240    0     -0.22 
  1767   1252615837.3240    0     -0.22 
  1768   1252615842.9720    0     -0.22 
  1769   1252615848.4960    0     -0.22 
  1770   1252615854.2800    0     -0.22 
  1771   1252615860.0800    0     -0.22 
  1772   1252615865.8120    0     -0.22 
  1773   1252615871.4320    0     -0.22 
  1774   1252615877.1480    0     -0.22 
  1775   1252615882.8080    0     -0.22 
  1776   1252615888.5920    0     -0.22 
  1777   1252615894.1680    0     -0.22 
  1778   1252615899.6040    0     -0.22 
  1779   1252615905.3520    0     -0.22 
  1780   1252615910.8240    0     -0.22 
  1781   1252615916.2240    0     -0.22 
  1782   1252615921.8520    0     -0.22 
  1783   1252615927.3000    0     -0.22 
  1784   1252615933.0040    0     -0.22 
  1785   1252615938.6000    0     -0.22 
  1786   1252615944.1920    0     -0.22 
  1787   1252615949.7840    0     -0.22 
  1788   1252615955.5480    0     -0.22 
  1789   1252615961.0600    0     -0.22 
  1790   1252615966.9400    0     -0.22 
  1791   1252615972.4560    0     -0.22 
  1792   1252615978.1080    0     -0.22 
  1793   1252615984.1040    0     -0.22 
  1794   1252615989.7280    0     -0.22 
  1795   1252615995.5440    0     -0.22 
  1796   1252616001.2160    0     -0.22 
  1797   1252616006.9480    0     -0.22 
  1798   1252616012.7200    0     -0.22 
  1799   1252616018.4360    0     -0.22 
  1800   1252616024.1600    0     -0.22 
  1801   1252616029.6720    0     -0.22 
  1802   1252616035.4440    0     -0.22 
  1803   1252616040.9880    0     -0.22 
  1804   1252616046.5840    0     -0.22 
  1805   1252616051.9320    0     -0.22 
  1806   1252616057.5280    0     -0.22 
  1807   1252616063.2880    0     -0.22 
  1808   1252616068.7560    0     -0.22 
  1809   1252616074.4400    0     -0.22 
  1810   1252616080.2240    0     -0.22 
  1811   1252616085.7840    0     -0.22 
  1812   1252616091.3080    0     -0.22 
  1813   1252616096.9240    0     -0.22 
  1814   1252616102.6360    0     -0.22 
  1815   1252616108.3320    0     -0.22 
  1816   1252616113.8240    0     -0.22 
  1817   1252616119.4840    0     -0.22 
  1818   1252616125.1720    0     -0.22 
  1819   1252616130.8080    0     -0.22 
  1820   1252616136.4680    0     -0.22 
  1821   1252616141.9480    0     -0.22 
  1822   1252616147.6240    0     -0.22 
  1823   1252616153.1760    0     -0.22 
  1824   1252616158.5840    0     -0.22 
  1825   1252616164.5400    0     -0.22 
  1826   1252616170.3760    0     -0.22 
  1827   1252616175.6880    0     -0.22 
  1828   1252616181.3440    0     -0.22 
  1829   1252616187.0080    0     -0.22 
  1830   1252616192.5720    0     -0.22 
  1831   1252616198.2120    0     -0.22 
  1832   1252616203.8120    0     -0.22 
  1833   1252616209.2960    0     -0.22 
  1834   1252616214.8440    0     -0.22 
  1835   1252616220.3960    0     -0.22 
  1836   1252616226.0360    0     -0.22 
  1837   1252616231.7600    0     -0.22 
  1838   1252616237.3520    0     -0.22 
  1839   1252616243.1000    0     -0.22 
  1840   1252616248.6320    0     -0.22 
  1841   1252616254.1200    0     -0.22 
  1842   1252616259.5840    0     -0.22 
  1843   1252616265.1240    0     -0.22 
  1844   1252616270.6880    0     -0.22 
  1845   1252616276.1640    0     -0.22 
  1846   1252616281.7120    0     -0.22 
  1847   1252616287.2280    0     -0.22 
  1848   1252616292.7320    0     -0.22 
  1849   1252616298.1680    0     -0.22 
  1850   1252616303.5600    0     -0.22 
  1851   1252616309.1920    0     -0.22 
  1852   1252616314.7280    0     -0.22 
  1853   1252616320.1240    0     -0.22 
  1854   1252616325.6360    0     -0.22 
  1855   1252616331.1360    0     -0.22 
  1856   1252616336.8480    0     -0.22 
  1857   1252616342.4520    0     -0.22 
  1858   1252616347.9600    0     -0.22 
  1859   1252616353.4320    0     -0.22 
  1860   1252616359.3080    0     -0.22 
  1861   1252616364.8120    0     -0.22 
  1862   1252616370.4680    0     -0.22 
  1863   1252616376.0320    0     -0.22 
  1864   1252616381.6280    0     -0.22 
  1865   1252616387.4520    0     -0.22 
  1866   1252616393.0160    0     -0.22 
  1867   1252616398.7440    0     -0.22 
  1868   1252616404.4360    0     -0.19 
  1869   1252616410.1320    0     -0.19 
  1870   1252616415.6920    0     -0.19 
  1871   1252616421.2360    0     -0.19 
  1872   1252616426.9000    0     -0.19 
  1873   1252616432.4360    0     -0.19 
  1874   1252616438.0360    0     -0.19 
  1875   1252616443.7080    0     -0.19 
  1876   1252616449.1480    0     -0.19 
  1877   1252616454.6200    0     -0.19 
  1878   1252616460.3600    0     -0.19 
  1879   1252616465.8360    0     -0.19 
  1880   1252616471.3080    0     -0.19 
  1881   1252616476.8600    0     -0.19 
  1882   1252616482.3000    0     -0.19 
  1883   1252616487.9480    0     -0.19 
  1884   1252616493.5680    0     -0.19 
  1885   1252616499.3200    0     -0.19 
  1886   1252616504.7840    0     -0.19 
  1887   1252616510.4560    0     -0.19 
  1888   1252616516.1480    0     -0.19 
  1889   1252616521.8120    0     -0.19 
  1890   1252616527.3040    0     -0.19 
  1891   1252616532.8080    0     -0.19 
  1892   1252616538.5880    0     -0.19 
  1893   1252616544.1560    0     -0.19 
  1894   1252616549.6360    0     -0.19 
  1895   1252616555.4800    0     -0.19 
  1896   1252616561.0280    0     -0.19 
  1897   1252616566.5920    0     -0.19 
  1898   1252616572.1120    0     -0.19 
  1899   1252616577.7960    0     -0.19 
  1900   1252616583.4680    0     -0.19 
  1901   1252616588.7960    0     -0.19 
  1902   1252616594.5160    0     -0.19 
  1903   1252616600.2480    0     -0.19 
  1904   1252616605.7800    0     -0.19 
  1905   1252616611.4200    0     -0.19 
  1906   1252616617.0560    0     -0.19 
  1907   1252616622.5600    0     -0.19 
  1908   1252616628.1480    0     -0.19 
  1909   1252616633.7160    0     -0.19 
  1910   1252616639.1760    0     -0.19 
  1911   1252616644.7360    0     -0.19 
  1912   1252616650.3000    0     -0.19 
  1913   1252616655.8440    0     -0.19 
  1914   1252616661.3960    0     -0.19 
  1915   1252616667.0120    0     -0.19 
  1916   1252616672.4680    0     -0.19 
  1917   1252616677.9960    0     -0.19 
  1918   1252616683.6000    0     -0.19 
  1919   1252616689.2000    0     -0.19 
  1920   1252616694.5720    0     -0.19 
  1921   1252616700.0640    0     -0.19 
  1922   1252616705.8840    0     -0.19 
  1923   1252616711.1160    0     -0.19 
  1924   1252616716.9160    0     -0.19 
  1925   1252616722.4600    0     -0.19 
  1926   1252616727.9320    0     -0.19 
  1927   1252616733.7760    0     -0.19 
  1928   1252616739.3200    0     -0.19 
  1929   1252616744.7720    0     -0.19 
  1930   1252616750.4720    0     -0.19 
  1931   1252616756.0680    0     -0.19 
  1932   1252616761.5480    0     -0.19 
  1933   1252616767.3480    0     -0.19 
  1934   1252616772.8320    0     -0.19 
  1935   1252616778.5160    0     -0.19 
  1936   1252616784.3640    0     -0.19 
  1937   1252616789.8600    0     -0.19 
  1938   1252616795.6600    0     -0.19 
  1939   1252616801.1080    0     -0.19 
  1940   1252616806.7240    0     -0.19 
  1941   1252616812.5000    0     -0.19 
  1942   1252616817.7760    0     -0.19 
  1943   1252616823.5600    0     -0.19 
  1944   1252616829.1920    0     -0.19 
  1945   1252616834.6920    0     -0.19 
  1946   1252616840.3440    0     -0.19 
  1947   1252616846.1280    0     -0.19 
  1948   1252616851.6480    0     -0.19 
  1949   1252616857.3200    0     -0.19 
  1950   1252616863.1560    0     -0.19 
  1951   1252616868.9040    0     -0.19 
  1952   1252616874.6440    0     -0.19 
  1953   1252616880.3720    0     -0.19 
  1954   1252616886.0400    0     -0.19 
  1955   1252616892.0400    0     -0.19 
  1956   1252616897.8360    0     -0.19 
  1957   1252616903.3120    0     -0.19 
  1958   1252616909.2000    0     -0.19 
  1959   1252616914.8200    0     -0.19 
  1960   1252616920.5440    0     -0.19 
  1961   1252616926.3280    0     -0.19 
  1962   1252616931.7240    0     -0.19 
  1963   1252616937.4600    0     -0.19 
  1964   1252616943.0960    0     -0.19 
  1965   1252616948.8400    0     -0.19 
  1966   1252616954.3840    0     -0.19 
  1967   1252616959.9960    0     -0.19 
  1968   1252616965.8800    0     -0.19 
  1969   1252616971.5400    0     -0.19 
  1970   1252616977.0640    0     -0.19 
  1971   1252616982.6320    0     -0.19 
  1972   1252616988.2320    0     -0.19 
  1973   1252616993.7400    0     -0.19 
  1974   1252616999.3080    0     -0.19 
  1975   1252617004.9920    0     -0.19 
  1976   1252617010.3840    0     -0.19 
  1977   1252617016.1160    0     -0.19 
  1978   1252617021.7920    0     -0.19 
  1979   1252617027.3760    0     -0.19 
  1980   1252617032.9400    0     -0.19 
  1981   1252617038.5080    0     -0.19 
  1982   1252617044.1240    0     -0.19 
  1983   1252617049.5320    0     -0.19 
  1984   1252617055.3840    0     -0.19 
  1985   1252617061.0920    0     -0.19 
  1986   1252617066.6040    0     -0.19 
  1987   1252617072.1800    0     -0.19 
  1988   1252617077.8000    0     -0.19 
  1989   1252617083.5600    0     -0.19 
  1990   1252617089.1440    0     -0.19 
  1991   1252617094.8240    0     -0.19 
  1992   1252617100.2520    0     -0.19 
  1993   1252617105.9840    0     -0.19 
  1994   1252617111.6120    0     -0.19 
  1995   1252617117.1000    0     -0.19 
  1996   1252617122.6880    0     -0.19 
  1997   1252617128.4280    0     -0.19 
  1998   1252617134.2280    0     -0.19 
  1999   1252617139.9560    0     -0.19 
  2000   1252617145.7320    0     -0.19 
  2001   1252617151.5040    0     -0.19 
  2002   1252617157.1920    0     -0.19 
  2003   1252617162.9720    0     -0.19 
  2004   1252617168.5280    0     -0.19 
  2005   1252617174.2600    0     -0.19 
  2006   1252617180.2120    0     -0.19 
  2007   1252617185.8640    0     -0.19 
  2008   1252617191.6400    0     -0.19 
  2009   1252617197.2280    0     -0.19 
  2010   1252617202.9120    0     -0.19 
  2011   1252617208.6080    0     -0.19 
  2012   1252617214.1800    0     -0.19 
  2013   1252617219.9680    0     -0.19 
  2014   1252617225.4520    0     -0.19 
  2015   1252617231.0480    0     -0.19 
  2016   1252617236.8360    0     -0.19 
  2017   1252617242.3600    0     -0.19 
  2018   1252617247.9320    0     -0.19 
  2019   1252617253.5760    0     -0.19 
  2020   1252617259.3080    0     -0.19 
  2021   1252617264.8320    0     -0.19 
  2022   1252617270.6600    0     -0.19 
  2023   1252617276.1880    0     -0.19 
  2024   1252617281.8880    0     -0.19 
  2025   1252617287.7160    0     -0.19 
  2026   1252617293.1560    0     -0.19 
  2027   1252617298.9040    0     -0.19 
  2028   1252617304.4880    0     -0.19 
  2029   1252617310.1680    0     -0.19 
  2030   1252617315.7480    0     -0.19 
  2031   1252617321.3480    0     -0.19 
  2032   1252617326.8840    0     -0.19 
  2033   1252617332.3080    0     -0.19 
  2034   1252617338.0120    0     -0.19 
  2035   1252617343.6240    0     -0.19 
  2036   1252617349.1080    0     -0.19 
  2037   1252617354.6160    0     -0.19 
  2038   1252617360.3720    0     -0.19 
  2039   1252617365.7920    0     -0.19 
  2040   1252617371.5040    0     -0.19 
  2041   1252617377.0560    0     -0.19 
  2042   1252617382.7280    0     -0.19 
  2043   1252617388.4000    0     -0.19 
  2044   1252617393.9440    0     -0.19 
  2045   1252617399.6560    0     -0.19 
  2046   1252617405.2920    0     -0.19 
  2047   1252617410.8520    0     -0.19 
  2048   1252617416.5880    0     -0.19 
  2049   1252617422.1560    0     -0.19 
  2050   1252617427.7320    0     -0.19 
  2051   1252617433.4800    0     -0.19 
  2052   1252617438.8720    0     -0.19 
  2053   1252617444.5840    0     -0.19 
  2054   1252617450.2080    0     -0.19 
  2055   1252617455.6440    0     -0.19 
  2056   1252617461.4080    0     -0.19 
  2057   1252617466.8240    0     -0.19 
  2058   1252617472.5480    0     -0.19 
  2059   1252617478.2640    0     -0.19 
  2060   1252617483.7160    0     -0.19 
  2061   1252617489.5240    0     -0.19 
  2062   1252617494.9560    0     -0.19 
  2063   1252617500.6520    0     -0.19 
  2064   1252617506.4520    0     -0.19 
  2065   1252617511.9880    0     -0.19 
  2066   1252617517.7560    0     -0.19 
  2067   1252617523.4840    0     -0.19 
  2068   1252617529.1240    0     -0.19 
  2069   1252617534.8280    0     -0.19 
  2070   1252617540.4600    0     -0.19 
  2071   1252617546.2920    0     -0.19 
  2072   1252617552.0000    0     -0.19 
  2073   1252617557.6600    0     -0.19 
  2074   1252617563.4400    0     -0.19 
  2075   1252617569.0960    0     -0.19 
  2076   1252617574.7960    0     -0.19 
  2077   1252617580.3800    0     -0.19 
  2078   1252617586.0920    0     -0.19 
  2079   1252617591.5520    0     -0.19 
  2080   1252617597.2360    0     -0.19 
  2081   1252617602.7680    0     -0.22 
  2082   1252617608.3360    0     -0.22 
  2083   1252617613.8680    0     -0.22 
  2084   1252617619.4640    0     -0.22 
  2085   1252617625.0960    0     -0.22 
  2086   1252617630.8080    0     -0.22 
  2087   1252617636.5240    0     -0.22 
  2088   1252617642.3680    0     -0.22 
  2089   1252617648.0240    0     -0.22 
  2090   1252617653.6560    0     -0.22 
  2091   1252617659.4360    0     -0.22 
  2092   1252617665.0200    0     -0.22 
  2093   1252617670.8400    0     -0.22 
  2094   1252617676.4480    0     -0.22 
  2095   1252617682.0840    0     -0.22 
  2096   1252617687.8360    0     -0.22 
  2097   1252617693.3920    0     -0.22 
  2098   1252617698.9840    0     -0.22 
  2099   1252617704.7200    0     -0.22 
  2100   1252617710.3000    0     -0.22 
  2101   1252617715.9960    0     -0.22 
  2102   1252617721.6360    0     -0.22 
  2103   1252617727.2040    0     -0.22 
  2104   1252617733.0720    0     -0.22 
  2105   1252617738.7840    0     -0.22 
  2106   1252617744.4120    0     -0.22 
  2107   1252617750.0440    0     -0.22 
  2108   1252617755.7400    0     -0.22 
  2109   1252617761.0200    0     -0.22 
  2110   1252617766.8120    0     -0.22 
  2111   1252617772.3560    0     -0.22 
  2112   1252617778.1480    0     -0.22 
  2113   1252617783.8680    0     -0.22 
  2114   1252617789.6360    0     -0.22 
  2115   1252617795.3040    0     -0.22 
  2116   1252617801.1760    0     -0.22 
  2117   1252617806.8880    0     -0.22 
  2118   1252617812.3400    0     -0.22 
  2119   1252617818.2560    0     -0.22 
  2120   1252617824.0240    0     -0.22 
  2121   1252617829.7440    0     -0.22 
  2122   1252617835.3600    0     -0.22 
  2123   1252617840.9760    0     -0.22 
  2124   1252617846.7320    0     -0.22 
  2125   1252617852.4080    0     -0.22 
  2126   1252617858.0240    0     -0.22 
  2127   1252617863.6760    0     -0.22 
  2128   1252617869.5280    0     -0.22 
  2129   1252617875.2400    0     -0.22 
  2130   1252617880.9400    0     -0.22 
  2131   1252617886.4600    0     -0.22 
  2132   1252617892.4600    0     -0.22 
  2133   1252617898.0920    0     -0.22 
  2134   1252617903.6840    0     -0.22 
  2135   1252617909.5360    0     -0.22 
  2136   1252617915.0520    0     -0.22 
  2137   1252617920.7040    0     -0.22 
  2138   1252617926.2520    0     -0.22 
  2139   1252617931.8800    0     -0.22 
  2140   1252617937.3800    0     -0.22 
  2141   1252617943.3400    0     -0.22 
  2142   1252617948.8680    0     -0.22 
  2143   1252617954.5320    0     -0.22 
  2144   1252617960.4200    0     -0.22 
  2145   1252617965.8760    0     -0.22 
  2146   1252617971.6640    0     -0.22 
  2147   1252617977.4280    0     -0.22 
  2148   1252617982.9800    0     -0.22 
  2149   1252617988.6080    0     -0.22 
  2150   1252617994.3080    0     -0.22 
  2151   1252617999.8360    0     -0.22 
  2152   1252618005.6440    0     -0.22 
  2153   1252618011.0880    0     -0.22 
  2154   1252618016.7160    0     -0.22 
  2155   1252618022.4520    0     -0.22 
  2156   1252618027.8080    0     -0.22 
  2157   1252618033.5600    0     -0.22 
  2158   1252618039.3360    0     -0.22 
  2159   1252618044.8760    0     -0.22 
  2160   1252618050.5360    0     -0.22 
  2161   1252618056.1800    0     -0.22 
  2162   1252618061.9840    0     -0.22 
  2163   1252618067.5520    0     -0.22 
  2164   1252618073.1400    0     -0.22 
  2165   1252618079.0240    0     -0.22 
  2166   1252618084.7320    0     -0.22 
  2167   1252618090.5040    0     -0.22 
  2168   1252618096.1960    0     -0.22 
  2169   1252618101.9880    0     -0.22 
  2170   1252618107.6640    0     -0.22 
  2171   1252618113.3640    0     -0.22 
  2172   1252618118.9120    0     -0.22 
  2173   1252618124.6360    0     -0.22 
  2174   1252618130.2080    0     -0.22 
  2175   1252618135.5560    0     -0.22 
  2176   1252618141.1840    0     -0.22 
  2177   1252618146.7200    0     -0.22 
  2178   1252618152.2360    0     -0.22 
  2179   1252618157.9640    0     -0.22 
  2180   1252618163.6240    0     -0.22 
  2181   1252618169.2240    0     -0.22 
  2182   1252618175.1160    0     -0.22 
  2183   1252618180.9640    0     -0.22 
  2184   1252618186.6080    0     -0.22 
  2185   1252618192.2560    0     -0.22 
  2186   1252618198.0400    0     -0.22 
  2187   1252618203.7560    0     -0.20 
  2188   1252618209.2680    0     -0.20 
  2189   1252618214.9080    0     -0.20 
  2190   1252618220.5680    0     -0.20 
  2191   1252618226.2040    0     -0.20 
  2192   1252618231.9120    0     -0.20 
  2193   1252618237.5840    0     -0.20 
  2194   1252618243.2680    0     -0.20 
  2195   1252618248.7560    0     -0.20 
  2196   1252618254.3320    0     -0.20 
  2197   1252618259.9560    0     -0.20 
  2198   1252618265.6120    0     -0.20 
  2199   1252618271.2280    0     -0.20 
  2200   1252618276.7080    0     -0.20 
  2201   1252618282.3360    0     -0.20 
  2202   1252618287.9400    0     -0.20 
  2203   1252618293.6280    0     -0.20 
  2204   1252618299.1840    0     -0.20 
  2205   1252618304.6600    0     -0.20 
  2206   1252618310.1760    0     -0.20 
  2207   1252618315.9840    0     -0.20 
  2208   1252618321.4720    0     -0.20 
  2209   1252618327.1520    0     -0.20 
  2210   1252618332.7480    0     -0.20 
  2211   1252618338.2760    0     -0.20 
  2212   1252618343.6960    0     -0.20 
  2213   1252618349.3200    0     -0.20 
  2214   1252618354.9800    0     -0.20 
  2215   1252618360.4200    0     -0.20 
  2216   1252618365.8920    0     -0.20 
  2217   1252618371.4320    0     -0.20 
  2218   1252618377.0680    0     -0.20 
  2219   1252618382.5280    0     -0.20 
  2220   1252618388.0920    0     -0.20 
  2221   1252618393.8840    0     -0.20 
  2222   1252618399.3720    0     -0.20 
  2223   1252618405.0000    0     -0.20 
  2224   1252618410.7680    0     -0.20 
  2225   1252618416.2960    0     -0.20 
  2226   1252618421.8160    0     -0.20 
  2227   1252618427.8000    0     -0.20 
  2228   1252618433.3560    0     -0.20 
  2229   1252618438.9240    0     -0.20 
  2230   1252618444.6080    0     -0.20 
  2231   1252618450.0120    0     -0.20 
  2232   1252618455.7120    0     -0.20 
  2233   1252618461.2320    0     -0.20 
  2234   1252618466.7240    0     -0.20 
  2235   1252618472.3080    0     -0.20 
  2236   1252618477.8200    0     -0.20 
  2237   1252618483.4600    0     -0.20 
  2238   1252618489.0320    0     -0.20 
  2239   1252618494.6360    0     -0.20 
  2240   1252618500.3160    0     -0.20 
  2241   1252618505.8520    0     -0.20 
  2242   1252618511.2840    0     -0.20 
  2243   1252618516.8120    0     -0.20 
  2244   1252618522.4000    0     -0.20 
  2245   1252618528.0280    0     -0.20 
  2246   1252618533.4960    0     -0.20 
  2247   1252618539.1400    0     -0.20 
  2248   1252618544.5880    0     -0.20 
  2249   1252618550.3160    0     -0.20 
  2250   1252618556.1040    0     -0.20 
  2251   1252618561.6120    0     -0.20 
  2252   1252618567.1400    0     -0.20 
  2253   1252618572.8080    0     -0.20 
  2254   1252618578.3640    0     -0.20 
  2255   1252618583.7520    0     -0.20 
  2256   1252618589.4920    0     -0.20 
  2257   1252618595.2240    0     -0.20 
  2258   1252618600.6520    0     -0.20 
  2259   1252618606.2600    0     -0.20 
  2260   1252618612.0040    0     -0.20 
  2261   1252618617.3680    0     -0.20 
  2262   1252618623.1160    0     -0.20 
  2263   1252618628.7880    0     -0.20 
  2264   1252618634.1800    0     -0.20 
  2265   1252618639.8520    0     -0.20 
  2266   1252618645.3640    0     -0.20 
  2267   1252618651.0080    0     -0.20 
  2268   1252618656.6000    0     -0.20 
  2269   1252618662.0560    0     -0.20 
  2270   1252618667.7400    0     -0.20 
  2271   1252618673.3680    0     -0.20 
  2272   1252618678.8040    0     -0.20 
  2273   1252618684.3960    0     -0.20 
  2274   1252618690.0800    0     -0.20 
  2275   1252618695.6280    0     -0.20 
  2276   1252618701.0360    0     -0.20 
  2277   1252618706.7640    0     -0.20 
  2278   1252618712.2080    0     -0.20 
  2279   1252618717.7400    0     -0.20 
  2280   1252618723.1160    0     -0.20 
  2281   1252618728.6440    0     -0.20 
  2282   1252618734.1080    0     -0.20 
  2283   1252618739.8120    0     -0.20 
  2284   1252618745.2640    0     -0.20 
  2285   1252618750.8160    0     -0.20 
  2286   1252618756.5240    0     -0.20 
  2287   1252618762.1080    0     -0.20 
  2288   1252618767.7200    0     -0.20 
  2289   1252618773.2880    0     -0.20 
  2290   1252618778.6920    0     -0.20 
  2291   1252618784.2080    0     -0.20 
  2292   1252618789.7600    0     -0.20 
  2293   1252618795.3440    0     -0.20 
  2294   1252618800.9160    0     -0.21 
  2295   1252618806.3400    0     -0.21 
  2296   1252618811.8880    0     -0.21 
  2297   1252618817.5040    0     -0.21 
  2298   1252618823.1600    0     -0.21 
  2299   1252618828.5600    0     -0.21 
  2300   1252618834.4480    0     -0.21 
  2301   1252618839.7840    0     -0.21 
  2302   1252618845.3840    0     -0.21 
  2303   1252618850.9640    0     -0.21 
  2304   1252618856.5080    0     -0.21 
  2305   1252618862.0320    0     -0.21 
  2306   1252618867.7600    0     -0.21 
  2307   1252618873.1320    0     -0.21 
  2308   1252618878.8640    0     -0.21 
  2309   1252618884.6840    0     -0.21 
  2310   1252618890.1800    0     -0.21 
  2311   1252618895.7600    0     -0.21 
  2312   1252618901.5280    0     -0.21 
  2313   1252618907.0160    0     -0.21 
  2314   1252618912.7280    0     -0.21 
  2315   1252618918.2840    0     -0.21 
  2316   1252618923.8360    0     -0.21 
  2317   1252618929.3480    0     -0.21 
  2318   1252618934.9160    0     -0.21 
  2319   1252618940.6400    0     -0.21 
  2320   1252618946.0880    0     -0.21 
  2321   1252618951.7360    0     -0.21 
  2322   1252618957.5280    0     -0.21 
  2323   1252618963.0360    0     -0.21 
  2324   1252618968.7120    0     -0.21 
  2325   1252618974.2920    0     -0.21 
  2326   1252618979.7680    0     -0.21 
  2327   1252618985.3880    0     -0.21 
  2328   1252618990.7560    0     -0.21 
  2329   1252618996.5480    0     -0.21 
  2330   1252619001.9320    0     -0.21 
  2331   1252619007.3480    0     -0.21 
  2332   1252619013.0720    0     -0.21 
  2333   1252619018.6000    0     -0.21 
  2334   1252619024.0880    0     -0.21 
  2335   1252619029.5080    0     -0.21 
  2336   1252619035.0680    0     -0.21 
  2337   1252619040.4640    0     -0.21 
  2338   1252619046.0000    0     -0.21 
  2339   1252619051.4880    0     -0.21 
  2340   1252619057.0200    0     -0.21 
  2341   1252619062.4400    0     -0.21 
  2342   1252619068.0080    0     -0.21 
  2343   1252619073.5600    0     -0.21 
  2344   1252619079.0520    0     -0.21 
  2345   1252619084.7000    0     -0.21 
  2346   1252619090.3800    0     -0.21 
  2347   1252619095.9720    0     -0.21 
  2348   1252619101.6880    0     -0.21 
  2349   1252619107.4080    0     -0.21 
  2350   1252619113.0680    0     -0.21 
  2351   1252619118.4160    0     -0.21 
  2352   1252619124.1280    0     -0.21 
  2353   1252619129.7840    0     -0.21 
  2354   1252619135.3000    0     -0.21 
  2355   1252619141.1720    0     -0.21 
  2356   1252619146.7360    0     -0.21 
  2357   1252619152.2440    0     -0.21 
  2358   1252619157.8080    0     -0.21 
  2359   1252619163.3640    0     -0.21 
  2360   1252619168.9400    0     -0.21 
  2361   1252619174.5520    0     -0.21 
  2362   1252619180.0000    0     -0.21 
  2363   1252619185.7960    0     -0.21 
  2364   1252619191.3560    0     -0.21 
  2365   1252619197.0400    0     -0.21 
  2366   1252619202.7240    0     -0.21 
  2367   1252619208.4400    0     -0.21 
  2368   1252619214.0680    0     -0.21 
  2369   1252619219.6920    0     -0.21 
  2370   1252619225.3320    0     -0.21 
  2371   1252619231.1480    0     -0.21 
  2372   1252619236.7720    0     -0.21 
  2373   1252619242.4960    0     -0.21 
  2374   1252619248.0560    0     -0.21 
  2375   1252619253.5800    0     -0.21 
  2376   1252619259.1520    0     -0.21 
  2377   1252619264.5680    0     -0.21 
  2378   1252619269.9920    0     -0.21 
  2379   1252619275.3480    0     -0.21 
  2380   1252619281.0680    0     -0.21 
  2381   1252619286.5960    0     -0.21 
  2382   1252619291.8680    0     -0.21 
  2383   1252619297.5360    0     -0.21 
  2384   1252619302.9240    0     -0.21 
  2385   1252619308.5240    0     -0.21 
  2386   1252619313.8280    0     -0.21 
  2387   1252619319.2160    0     -0.21 
  2388   1252619324.7280    0     -0.21 
  2389   1252619330.3120    0     -0.21 
  2390   1252619335.7480    0     -0.21 
  2391   1252619341.3880    0     -0.21 
  2392   1252619346.8480    0     -0.21 
  2393   1252619352.3840    0     -0.21 
  2394   1252619357.9600    0     -0.21 
  2395   1252619363.5800    0     -0.21 
  2396   1252619369.0480    0     -0.21 
  2397   1252619374.5360    0     -0.21 
  2398   1252619380.0560    0     -0.21 
  2399   1252619385.5360    0     -0.21 
  2400   1252619391.2240    0     -0.21 
  2401   1252619396.9440    0     -0.21 
  2402   1252619402.4000    0     -0.10 
  2403   1252619408.2000    0     -0.10 
  2404   1252619413.7880    0     -0.10 
  2405   1252619419.4520    0     -0.10 
  2406   1252619424.9520    0     -0.10 
  2407   1252619430.7160    0     -0.10 
  2408   1252619436.2280    0     -0.10 
  2409   1252619441.6840    0     -0.10 
  2410   1252619447.2600    0     -0.10 
  2411   1252619452.8040    0     -0.10 
  2412   1252619458.2680    0     -0.10 
  2413   1252619463.9240    0     -0.10 
  2414   1252619469.6280    0     -0.10 
  2415   1252619475.1520    0     -0.10 
  2416   1252619480.7960    0     -0.10 
  2417   1252619486.3840    0     -0.10 
  2418   1252619491.9600    0     -0.10 
  2419   1252619497.4360    0     -0.10 
  2420   1252619503.2320    0     -0.10 
  2421   1252619508.6920    0     -0.10 
  2422   1252619514.4200    0     -0.10 
  2423   1252619520.0360    0     -0.10 
  2424   1252619525.7120    0     -0.10 
  2425   1252619531.4040    0     -0.10 
  2426   1252619537.0800    0     -0.10 
  2427   1252619542.7160    0     -0.10 
  2428   1252619548.3960    0     -0.10 
  2429   1252619553.8560    0     -0.10 
  2430   1252619559.5080    0     -0.10 
  2431   1252619565.0600    0     -0.10 
  2432   1252619570.6360    0     -0.10 
  2433   1252619576.3400    0     -0.10 
  2434   1252619581.7480    0     -0.10 
  2435   1252619587.4000    0     -0.10 
  2436   1252619592.9920    0     -0.10 
  2437   1252619598.3280    0     -0.10 
  2438   1252619603.8440    0     -0.10 
  2439   1252619609.4200    0     -0.10 
  2440   1252619614.9760    0     -0.10 
  2441   1252619620.6040    0     -0.10 
  2442   1252619626.0520    0     -0.10 
  2443   1252619631.6400    0     -0.10 
  2444   1252619637.1960    0     -0.10 
  2445   1252619642.7160    0     -0.10 
  2446   1252619648.1720    0     -0.10 
  2447   1252619653.8800    0     -0.10 
  2448   1252619659.6160    0     -0.10 
  2449   1252619665.1640    0     -0.10 
  2450   1252619670.8600    0     -0.10 
  2451   1252619676.2840    0     -0.10 
  2452   1252619681.8960    0     -0.10 
  2453   1252619687.7000    0     -0.10 
  2454   1252619693.3160    0     -0.10 
  2455   1252619698.9840    0     -0.10 
  2456   1252619704.8320    0     -0.10 
  2457   1252619710.4360    0     -0.10 
  2458   1252619716.0200    0     -0.10 
  2459   1252619721.6920    0     -0.10 
  2460   1252619727.3240    0     -0.10 
  2461   1252619732.8200    0     -0.10 
  2462   1252619738.4840    0     -0.10 
  2463   1252619744.0400    0     -0.10 
  2464   1252619749.5320    0     -0.10 
  2465   1252619754.9280    0     -0.10 
  2466   1252619760.5800    0     -0.10 
  2467   1252619765.9320    0     -0.10 
  2468   1252619771.4600    0     -0.10 
  2469   1252619777.0480    0     -0.10 
  2470   1252619782.4720    0     -0.10 
  2471   1252619787.9760    0     -0.10 
  2472   1252619793.5360    0     -0.10 
  2473   1252619799.0800    0     -0.10 
  2474   1252619804.7200    0     -0.10 
  2475   1252619810.0000    0     -0.10 
  2476   1252619815.5480    0     -0.10 
  2477   1252619821.1160    0     -0.10 
  2478   1252619826.4720    0     -0.10 
  2479   1252619832.0520    0     -0.10 
  2480   1252619837.4280    0     -0.10 
  2481   1252619843.0440    0     -0.10 
  2482   1252619848.4720    0     -0.10 
  2483   1252619853.7880    0     -0.10 
  2484   1252619859.2840    0     -0.10 
  2485   1252619864.9200    0     -0.10 
  2486   1252619870.3040    0     -0.10 
  2487   1252619875.8440    0     -0.10 
  2488   1252619881.3360    0     -0.10 
  2489   1252619886.8960    0     -0.10 
  2490   1252619892.3280    0     -0.10 
  2491   1252619897.8280    0     -0.10 
  2492   1252619903.2760    0     -0.10 
  2493   1252619908.7440    0     -0.10 
  2494   1252619914.3360    0     -0.10 
  2495   1252619919.7640    0     -0.10 
  2496   1252619925.3200    0     -0.10 
  2497   1252619930.8800    0     -0.10 
  2498   1252619936.2920    0     -0.10 
  2499   1252619941.8440    0     -0.10 
  2500   1252619947.4880    0     -0.10 
  2501   1252619952.8760    0     -0.10 
  2502   1252619958.7840    0     -0.10 
  2503   1252619964.1120    0     -0.10 
  2504   1252619969.6320    0     -0.10 
  2505   1252619974.9920    0     -0.10 
  2506   1252619980.6800    0     -0.10 
  2507   1252619985.9560    0     -0.10 
  2508   1252619991.3480    0     -0.10 
  2509   1252619997.0520    0     -0.10 
  2510   1252620002.2400    0     -0.06 
  2511   1252620007.8240    0     -0.06 
  2512   1252620013.3120    0     -0.06 
  2513   1252620018.5760    0     -0.06 
  2514   1252620024.2360    0     -0.06 
  2515   1252620029.6200    0     -0.06 
  2516   1252620035.1160    0     -0.06 
  2517   1252620040.7000    0     -0.06 
  2518   1252620046.0640    0     -0.06 
  2519   1252620051.8040    0     -0.06 
  2520   1252620057.2360    0     -0.06 
  2521   1252620062.8240    0     -0.06 
  2522   1252620068.4000    0     -0.06 
  2523   1252620074.1160    0     -0.06 
  2524   1252620079.8040    0     -0.06 
  2525   1252620085.1400    0     -0.06 
  2526   1252620090.7720    0     -0.06 
  2527   1252620096.3640    0     -0.06 
  2528   1252620101.7480    0     -0.06 
  2529   1252620107.1000    0     -0.06 
  2530   1252620112.7040    0     -0.06 
  2531   1252620118.1640    0     -0.06 
  2532   1252620123.6400    0     -0.06 
  2533   1252620129.0280    0     -0.06 
  2534   1252620134.5800    0     -0.06 
  2535   1252620140.0280    0     -0.06 
  2536   1252620145.5480    0     -0.06 
  2537   1252620150.9720    0     -0.06 
  2538   1252620156.4280    0     -0.06 
  2539   1252620161.9480    0     -0.06 
  2540   1252620167.6600    0     -0.06 
  2541   1252620173.0960    0     -0.06 
  2542   1252620178.8840    0     -0.06 
  2543   1252620184.1320    0     -0.06 
  2544   1252620189.7800    0     -0.06 
  2545   1252620195.3560    0     -0.06 
  2546   1252620200.8960    0     -0.06 
  2547   1252620206.3480    0     -0.06 
  2548   1252620212.0040    0     -0.06 
  2549   1252620217.7600    0     -0.06 
  2550   1252620222.9200    0     -0.06 
  2551   1252620228.9800    0     -0.06 
  2552   1252620234.4360    0     -0.06 
  2553   1252620240.0240    0     -0.06 
  2554   1252620245.6120    0     -0.06 
  2555   1252620251.1560    0     -0.06 
  2556   1252620256.8200    0     -0.06 
  2557   1252620262.2080    0     -0.06 
  2558   1252620267.5920    0     -0.06 
  2559   1252620273.1040    0     -0.06 
  2560   1252620278.5240    0     -0.06 
  2561   1252620284.1080    0     -0.06 
  2562   1252620289.5640    0     -0.06 
  2563   1252620295.0720    0     -0.06 
  2564   1252620300.5440    0     -0.06 
  2565   1252620306.0720    0     -0.06 
  2566   1252620311.5920    0     -0.06 
  2567   1252620317.1760    0     -0.06 
  2568   1252620322.8320    0     -0.06 
  2569   1252620328.4600    0     -0.06 
  2570   1252620333.9120    0     -0.06 
  2571   1252620339.6440    0     -0.06 
  2572   1252620345.1880    0     -0.06 
  2573   1252620350.5880    0     -0.06 
  2574   1252620356.2480    0     -0.06 
  2575   1252620361.5440    0     -0.06 
  2576   1252620367.0920    0     -0.06 
  2577   1252620372.7120    0     -0.06 
  2578   1252620378.1040    0     -0.06 
  2579   1252620383.8160    0     -0.06 
  2580   1252620389.3280    0     -0.06 
  2581   1252620394.8840    0     -0.06 
  2582   1252620400.3600    0     -0.06 
  2583   1252620405.7880    0     -0.06 
  2584   1252620411.4600    0     -0.06 
  2585   1252620417.0440    0     -0.06 
  2586   1252620422.6560    0     -0.06 
  2587   1252620428.1160    0     -0.06 
  2588   1252620433.7920    0     -0.06 
  2589   1252620439.1560    0     -0.06 
  2590   1252620444.7840    0     -0.06 
  2591   1252620450.3800    0     -0.06 
  2592   1252620455.7400    0     -0.06 
  2593   1252620461.4800    0     -0.06 
  2594   1252620466.7200    0     -0.06 
  2595   1252620472.4800    0     -0.06 
  2596   1252620477.9160    0     -0.06 
  2597   1252620483.2480    0     -0.06 
  2598   1252620489.0360    0     -0.06 
  2599   1252620494.5600    0     -0.06 
  2600   1252620500.0840    0     -0.06 
  2601   1252620505.9120    0     -0.06 
  2602   1252620511.3800    0     -0.06 
  2603   1252620516.9640    0     -0.06 
  2604   1252620522.5640    0     -0.06 
  2605   1252620528.0520    0     -0.06 
  2606   1252620533.7200    0     -0.06 
  2607   1252620539.0200    0     -0.06 
  2608   1252620544.5400    0     -0.06 
  2609   1252620550.2040    0     -0.06 
  2610   1252620555.8200    0     -0.06 
  2611   1252620561.0400    0     -0.06 
  2612   1252620566.6920    0     -0.06 
  2613   1252620572.0760    0     -0.06 
  2614   1252620577.6200    0     -0.06 
  2615   1252620583.0880    0     -0.06 
  2616   1252620588.4440    0     -0.06 
  2617   1252620594.0320    0     -0.06 
  2618   1252620599.5920    0     -0.04 
  2619   1252620605.1320    0     -0.03 
  2620   1252620610.7360    0     -0.03 
  2621   1252620616.3200    0     -0.03 
  2622   1252620621.9840    0     -0.03 
  2623   1252620627.2520    0     -0.03 
  2624   1252620632.6080    0     -0.03 
  2625   1252620638.2240    0     -0.03 
  2626   1252620643.6560    0     -0.03 
  2627   1252620649.0680    0     -0.03 
  2628   1252620654.4080    0     -0.03 
  2629   1252620659.9960    0     -0.03 
  2630   1252620665.5200    0     -0.03 
  2631   1252620670.8560    0     -0.03 
  2632   1252620676.4560    0     -0.03 
  2633   1252620681.9240    0     -0.03 
  2634   1252620687.2320    0     -0.03 
  2635   1252620693.0920    0     -0.03 
  2636   1252620698.2760    0     -0.03 
  2637   1252620703.8160    0     -0.03 
  2638   1252620709.4040    0     -0.03 
  2639   1252620714.8000    0     -0.03 
  2640   1252620720.3640    0     -0.03 
  2641   1252620725.9240    0     -0.03 
  2642   1252620731.6600    0     -0.03 
  2643   1252620737.1480    0     -0.03 
  2644   1252620742.6520    0     -0.03 
  2645   1252620748.1480    0     -0.03 
  2646   1252620753.7480    0     -0.03 
  2647   1252620759.2080    0     -0.03 
  2648   1252620764.7240    0     -0.03 
  2649   1252620770.1720    0     -0.03 
  2650   1252620775.7520    0     -0.03 
  2651   1252620781.2480    0     -0.03 
  2652   1252620786.8960    0     -0.03 
  2653   1252620792.5760    0     -0.03 
  2654   1252620797.9800    0     -0.03 
  2655   1252620803.5880    0     -0.03 
  2656   1252620809.1200    0     -0.03 
  2657   1252620814.7840    0     -0.03 
  2658   1252620820.3840    0     -0.03 
  2659   1252620825.9680    0     -0.03 
  2660   1252620831.6000    0     -0.03 
  2661   1252620837.2000    0     -0.03 
  2662   1252620842.5320    0     -0.03 
  2663   1252620848.2720    0     -0.03 
  2664   1252620853.6280    0     -0.03 
  2665   1252620859.1560    0     -0.03 
  2666   1252620864.6600    0     -0.03 
  2667   1252620870.2040    0     -0.03 
  2668   1252620875.6440    0     -0.03 
  2669   1252620881.2400    0     -0.03 
  2670   1252620886.3600    0     -0.03 
  2671   1252620892.1120    0     -0.03 
  2672   1252620897.7720    0     -0.03 
  2673   1252620903.2360    0     -0.03 
  2674   1252620908.7200    0     -0.03 
  2675   1252620914.1200    0     -0.03 
  2676   1252620919.7240    0     -0.03 
  2677   1252620925.0360    0     -0.03 
  2678   1252620930.5040    0     -0.03 
  2679   1252620936.0720    0     -0.03 
  2680   1252620941.7440    0     -0.03 
  2681   1252620947.1160    0     -0.03 
  2682   1252620952.8720    0     -0.03 
  2683   1252620958.3920    0     -0.03 
  2684   1252620964.0040    0     -0.03 
  2685   1252620969.4040    0     -0.03 
  2686   1252620975.0120    0     -0.03 
  2687   1252620980.6640    0     -0.03 
  2688   1252620986.1160    0     -0.03 
  2689   1252620991.7240    0     -0.03 
  2690   1252620997.3480    0     -0.03 
  2691   1252621002.7000    0     -0.03 
  2692   1252621008.3200    0     -0.03 
  2693   1252621013.7960    0     -0.03 
  2694   1252621019.5080    0     -0.03 
  2695   1252621025.0560    0     -0.03 
  2696   1252621030.4920    0     -0.03 
  2697   1252621036.0880    0     -0.03 
  2698   1252621041.6640    0     -0.03 
  2699   1252621046.9880    0     -0.03 
  2700   1252621052.4920    0     -0.03 
  2701   1252621058.0360    0     -0.03 
  2702   1252621063.6720    0     -0.03 
  2703   1252621069.1160    0     -0.03 
  2704   1252621074.5040    0     -0.03 
  2705   1252621080.0960    0     -0.03 
  2706   1252621085.6040    0     -0.03 
  2707   1252621090.9880    0     -0.03 
  2708   1252621096.4520    0     -0.03 
  2709   1252621101.9400    0     -0.03 
  2710   1252621107.4040    0     -0.03 
  2711   1252621112.9360    0     -0.03 
  2712   1252621118.5760    0     -0.03 
  2713   1252621124.1920    0     -0.03 
  2714   1252621129.5800    0     -0.03 
  2715   1252621135.0240    0     -0.03 
  2716   1252621140.4880    0     -0.03 
  2717   1252621145.9240    0     -0.03 
  2718   1252621151.4880    0     -0.03 
  2719   1252621157.1080    0     -0.03 
  2720   1252621162.7560    0     -0.03 
  2721   1252621168.2440    0     -0.03 
  2722   1252621174.0240    0     -0.03 
  2723   1252621179.5680    0     -0.03 
  2724   1252621185.3480    0     -0.03 
  2725   1252621190.9920    0     -0.03 
  2726   1252621196.6720    0     -0.03 
  2727   1252621202.3680    0     0.00 
  2728   1252621207.8920    0     0.00 
  2729   1252621213.3640    0     0.00 
  2730   1252621219.1720    0     0.00 
  2731   1252621224.8280    0     0.00 
  2732   1252621230.3880    0     0.00 
  2733   1252621236.0680    0     0.00 
  2734   1252621241.7280    0     0.00 
  2735   1252621247.3000    0     0.00 
  2736   1252621252.9080    0     0.00 
  2737   1252621258.5320    0     0.00 
  2738   1252621263.9840    0     0.00 
  2739   1252621269.4720    0     0.00 
  2740   1252621275.1000    0     0.00 
  2741   1252621280.5760    0     0.00 
  2742   1252621286.1000    0     0.00 
  2743   1252621291.5200    0     0.00 
  2744   1252621297.0760    0     0.00 
  2745   1252621302.2400    0     0.00 
  2746   1252621308.0360    0     0.00 
  2747   1252621313.5280    0     0.00 
  2748   1252621318.8760    0     0.00 
  2749   1252621324.5600    0     0.00 
  2750   1252621329.9400    0     0.00 
  2751   1252621335.4920    0     0.00 
  2752   1252621341.2000    0     0.00 
  2753   1252621346.6360    0     0.00 
  2754   1252621352.1200    0     0.00 
  2755   1252621357.7920    0     0.00 
  2756   1252621363.2800    0     0.00 
  2757   1252621368.7440    0     0.00 
  2758   1252621374.4120    0     0.00 
  2759   1252621379.9680    0     0.00 
  2760   1252621385.5640    0     0.00 
  2761   1252621391.1680    0     0.00 
  2762   1252621396.6440    0     0.00 
  2763   1252621402.3800    0     0.00 
  2764   1252621407.9960    0     0.00 
  2765   1252621413.4560    0     0.00 
  2766   1252621419.1600    0     0.00 
  2767   1252621424.6840    0     0.00 
  2768   1252621430.3400    0     0.00 
  2769   1252621435.8320    0     0.00 
  2770   1252621441.2800    0     0.00 
  2771   1252621447.0800    0     0.00 
  2772   1252621452.4040    0     0.00 
  2773   1252621457.9560    0     0.00 
  2774   1252621463.5000    0     0.00 
  2775   1252621468.9400    0     0.00 
  2776   1252621474.5600    0     0.00 
  2777   1252621479.8640    0     0.00 
  2778   1252621485.6600    0     0.00 
  2779   1252621490.8520    0     0.00 
  2780   1252621496.5880    0     0.00 
  2781   1252621502.0240    0     0.00 
  2782   1252621507.5320    0     0.00 
  2783   1252621513.1840    0     0.00 
  2784   1252621518.7200    0     0.00 
  2785   1252621524.2080    0     0.00 
  2786   1252621529.8040    0     0.00 
  2787   1252621535.2840    0     0.00 
  2788   1252621540.9480    0     0.00 
  2789   1252621546.4920    0     0.00 
  2790   1252621551.9440    0     0.00 
  2791   1252621557.2280    0     0.00 
  2792   1252621562.8800    0     0.00 
  2793   1252621568.2720    0     0.00 
  2794   1252621573.9360    0     0.00 
  2795   1252621579.3040    0     0.00 
  2796   1252621584.8760    0     0.00 
  2797   1252621590.2760    0     0.00 
  2798   1252621595.7560    0     0.00 
  2799   1252621601.2080    0     0.00 
  2800   1252621606.7480    0     0.00 
  2801   1252621612.1160    0     0.00 
  2802   1252621617.6120    0     0.00 
  2803   1252621623.2080    0     0.00 
  2804   1252621628.8400    0     0.00 
  2805   1252621634.3080    0     0.00 
  2806   1252621639.7280    0     0.00 
  2807   1252621645.4000    0     0.00 
  2808   1252621651.2400    0     0.00 
  2809   1252621656.6320    0     0.00 
  2810   1252621662.3040    0     0.00 
  2811   1252621667.9760    0     0.00 
  2812   1252621673.3000    0     0.00 
  2813   1252621679.0200    0     0.00 
  2814   1252621684.5640    0     0.00 
  2815   1252621689.9840    0     0.00 
  2816   1252621695.6400    0     0.00 
  2817   1252621701.0160    0     0.00 
  2818   1252621706.3200    0     0.00 
  2819   1252621711.7760    0     0.00 
  2820   1252621717.1240    0     0.00 
  2821   1252621722.6440    0     0.00 
  2822   1252621728.0720    0     0.00 
  2823   1252621733.6280    0     0.00 
  2824   1252621738.8720    0     0.00 
  2825   1252621744.4080    0     0.00 
  2826   1252621749.8600    0     0.00 
  2827   1252621755.1000    0     0.00 
  2828   1252621760.6960    0     0.00 
  2829   1252621766.2000    0     0.00 
  2830   1252621771.6280    0     0.00 
  2831   1252621777.2120    0     0.00 
  2832   1252621782.7000    0     0.00 
  2833   1252621788.3280    0     0.00 
  2834   1252621794.0000    0     0.00 
  2835   1252621799.3560    0     0.01 
  2836   1252621804.9880    0     0.04 
  2837   1252621810.3200    0     0.04 
  2838   1252621815.9600    0     0.04 
  2839   1252621821.5480    0     0.04 
  2840   1252621827.0000    0     0.04 
  2841   1252621832.2320    0     0.04 
  2842   1252621837.8600    0     0.04 
  2843   1252621843.0520    0     0.04 
  2844   1252621848.4680    0     0.04 
  2845   1252621854.2560    0     0.04 
  2846   1252621859.6080    0     0.04 
  2847   1252621865.1240    0     0.04 
  2848   1252621870.6560    0     0.04 
  2849   1252621876.0160    0     0.04 
  2850   1252621881.6960    0     0.04 
  2851   1252621887.3080    0     0.04 
  2852   1252621892.7320    0     0.04 
  2853   1252621898.2800    0     0.04 
  2854   1252621904.0520    0     0.04 
  2855   1252621909.4400    0     0.04 
  2856   1252621915.0160    0     0.04 
  2857   1252621920.6320    0     0.04 
  2858   1252621926.1120    0     0.04 
  2859   1252621931.4880    0     0.04 
  2860   1252621937.0880    0     0.04 
  2861   1252621942.7040    0     0.04 
  2862   1252621948.1120    0     0.04 
  2863   1252621953.8160    0     0.04 
  2864   1252621959.2120    0     0.04 
  2865   1252621964.8240    0     0.04 
  2866   1252621970.2880    0     0.04 
  2867   1252621975.6680    0     0.04 
  2868   1252621981.1520    0     0.04 
  2869   1252621986.9640    0     0.04 
  2870   1252621992.1400    0     0.04 
  2871   1252621997.8840    0     0.04 
  2872   1252622003.1200    0     0.04 
  2873   1252622008.5600    0     0.04 
  2874   1252622013.9520    0     0.04 
  2875   1252622019.3880    0     0.04 
  2876   1252622024.9240    0     0.04 
  2877   1252622030.4080    0     0.04 
  2878   1252622035.8560    0     0.04 
  2879   1252622041.3120    0     0.04 
  2880   1252622046.7520    0     0.04 
  2881   1252622052.2560    0     0.04 
  2882   1252622057.7200    0     0.04 
  2883   1252622063.3880    0     0.04 
  2884   1252622068.9600    0     0.04 
  2885   1252622074.3600    0     0.04 
  2886   1252622080.0560    0     0.04 
  2887   1252622085.2400    0     0.04 
  2888   1252622091.0040    0     0.04 
  2889   1252622096.5440    0     0.04 
  2890   1252622101.9160    0     0.04 
  2891   1252622107.5600    0     0.04 
  2892   1252622112.9680    0     0.04 
  2893   1252622118.4280    0     0.04 
  2894   1252622124.0240    0     0.04 
  2895   1252622129.3480    0     0.04 
  2896   1252622134.9640    0     0.04 
  2897   1252622140.3040    0     0.04 
  2898   1252622145.9880    0     0.04 
  2899   1252622151.5040    0     0.04 
  2900   1252622157.0920    0     0.04 
  2901   1252622162.4920    0     0.04 
  2902   1252622168.0320    0     0.04 
  2903   1252622173.6200    0     0.04 
  2904   1252622179.2200    0     0.04 
  2905   1252622184.8640    0     0.04 
  2906   1252622190.1800    0     0.04 
  2907   1252622195.9240    0     0.04 
  2908   1252622201.4440    0     0.04 
  2909   1252622206.9400    0     0.04 
  2910   1252622212.5240    0     0.04 
  2911   1252622218.2520    0     0.04 
  2912   1252622223.7560    0     0.04 
  2913   1252622229.3400    0     0.04 
  2914   1252622234.9440    0     0.04 
  2915   1252622240.4920    0     0.04 
  2916   1252622245.8800    0     0.04 
  2917   1252622251.4880    0     0.04 
  2918   1252622257.0200    0     0.04 
  2919   1252622262.2760    0     0.04 
  2920   1252622267.8040    0     0.04 
  2921   1252622273.2520    0     0.04 
  2922   1252622278.6000    0     0.04 
  2923   1252622284.2280    0     0.04 
  2924   1252622289.6160    0     0.04 
  2925   1252622295.1480    0     0.04 
  2926   1252622300.6680    0     0.04 
  2927   1252622306.1640    0     0.04 
  2928   1252622311.6880    0     0.04 
  2929   1252622317.2400    0     0.04 
  2930   1252622322.5600    0     0.04 
  2931   1252622328.0760    0     0.04 
  2932   1252622333.6640    0     0.04 
  2933   1252622338.8440    0     0.04 
  2934   1252622344.6720    0     0.04 
  2935   1252622349.8200    0     0.04 
  2936   1252622355.5720    0     0.04 
  2937   1252622361.1560    0     0.04 
  2938   1252622366.6960    0     0.04 
  2939   1252622372.2600    0     0.04 
  2940   1252622377.7960    0     0.04 
  2941   1252622383.3520    0     0.04 
  2942   1252622389.0360    0     0.04 
  2943   1252622394.3520    0     0.04 
  2944   1252622400.0760    0     0.05 
  2945   1252622405.7320    0     0.05 
  2946   1252622411.2600    0     0.05 
  2947   1252622416.6200    0     0.05 
  2948   1252622422.2520    0     0.05 
  2949   1252622427.7120    0     0.05 
  2950   1252622433.3680    0     0.05 
  2951   1252622438.9320    0     0.05 
  2952   1252622444.4760    0     0.05 
  2953   1252622449.9280    0     0.05 
  2954   1252622455.5760    0     0.05 
  2955   1252622461.1440    0     0.05 
  2956   1252622466.6560    0     0.05 
  2957   1252622472.2160    0     0.05 
  2958   1252622477.8080    0     0.05 
  2959   1252622483.2640    0     0.05 
  2960   1252622488.8200    0     0.05 
  2961   1252622494.3960    0     0.05 
  2962   1252622499.9280    0     0.05 
  2963   1252622505.5560    0     0.05 
  2964   1252622511.0200    0     0.05 
  2965   1252622516.7960    0     0.05 
  2966   1252622522.2160    0     0.05 
  2967   1252622527.7760    0     0.05 
  2968   1252622533.5720    0     0.05 
  2969   1252622539.2560    0     0.05 
  2970   1252622544.9320    0     0.05 
  2971   1252622550.5600    0     0.05 
  2972   1252622556.0160    0     0.05 
  2973   1252622561.8200    0     0.05 
  2974   1252622567.2880    0     0.05 
  2975   1252622573.0040    0     0.05 
  2976   1252622578.3880    0     0.05 
  2977   1252622584.1480    0     0.05 
  2978   1252622589.8520    0     0.05 
  2979   1252622595.3120    0     0.05 
  2980   1252622600.9280    0     0.05 
  2981   1252622606.5640    0     0.05 
  2982   1252622612.1240    0     0.05 
  2983   1252622617.9040    0     0.05 
  2984   1252622623.4240    0     0.05 
  2985   1252622629.0880    0     0.05 
  2986   1252622634.9800    0     0.05 
  2987   1252622640.5160    0     0.05 
  2988   1252622646.1560    0     0.05 
  2989   1252622651.8120    0     0.05 
  2990   1252622657.3080    0     0.05 
  2991   1252622662.9400    0     0.05 
  2992   1252622668.1560    0     0.05 
  2993   1252622673.9440    0     0.05 
  2994   1252622679.4160    0     0.05 
  2995   1252622684.8320    0     0.05 
  2996   1252622690.4960    0     0.05 
  2997   1252622696.0280    0     0.05 
  2998   1252622701.4760    0     0.05 
  2999   1252622707.0360    0     0.05 
  3000   1252622712.5880    0     0.05 
  3001   1252622718.4000    0     0.05 
  3002   1252622723.7440    0     0.05 
  3003   1252622729.3600    0     0.05 
  3004   1252622735.0040    0     0.05 
  3005   1252622740.5280    0     0.05 
  3006   1252622746.1240    0     0.05 
  3007   1252622751.6320    0     0.05 
  3008   1252622757.2520    0     0.05 
  3009   1252622762.8480    0     0.05 
  3010   1252622768.3120    0     0.05 
  3011   1252622774.1120    0     0.05 
  3012   1252622779.6320    0     0.05 
  3013   1252622785.3920    0     0.05 
  3014   1252622790.7880    0     0.05 
  3015   1252622796.5160    0     0.05 
  3016   1252622802.0520    0     0.05 
  3017   1252622807.5960    0     0.05 
  3018   1252622813.2360    0     0.05 
  3019   1252622818.7000    0     0.05 
  3020   1252622824.6160    0     0.05 
  3021   1252622830.2960    0     0.05 
  3022   1252622835.9000    0     0.05 
  3023   1252622841.4720    0     0.05 
  3024   1252622847.1520    0     0.05 
  3025   1252622852.9600    0     0.05 
  3026   1252622858.5880    0     0.05 
  3027   1252622864.2720    0     0.05 
  3028   1252622869.7400    0     0.05 
  3029   1252622875.5920    0     0.05 
  3030   1252622881.1000    0     0.05 
  3031   1252622886.8400    0     0.05 
  3032   1252622892.3240    0     0.05 
  3033   1252622898.0240    0     0.05 
  3034   1252622903.7880    0     0.05 
  3035   1252622909.2840    0     0.05 
  3036   1252622914.8200    0     0.05 
  3037   1252622920.3400    0     0.05 
  3038   1252622926.1480    0     0.05 
  3039   1252622931.7000    0     0.05 
  3040   1252622937.2240    0     0.05 
  3041   1252622943.0400    0     0.05 
  3042   1252622948.4360    0     0.05 
  3043   1252622954.0040    0     0.05 
  3044   1252622959.4520    0     0.05 
  3045   1252622965.0640    0     0.05 
  3046   1252622970.6400    0     0.05 
  3047   1252622976.2160    0     0.05 
  3048   1252622981.9400    0     0.05 
  3049   1252622987.6560    0     0.05 
  3050   1252622993.2280    0     0.05 
  3051   1252622999.0240    0     0.05 
  3052   1252623004.7120    0     0.12 
  3053   1252623010.5640    0     0.12 
  3054   1252623016.3520    0     0.12 
  3055   1252623021.9760    0     0.12 
  3056   1252623027.6320    0     0.12 
  3057   1252623033.3120    0     0.12 
  3058   1252623038.8000    0     0.12 
  3059   1252623044.3240    0     0.12 
  3060   1252623049.9680    0     0.12 
  3061   1252623055.3240    0     0.12 
  3062   1252623061.0000    0     0.12 
  3063   1252623066.6200    0     0.12 
  3064   1252623072.1840    0     0.12 
  3065   1252623077.5720    0     0.12 
  3066   1252623083.1000    0     0.12 
  3067   1252623088.4320    0     0.12 
  3068   1252623094.0720    0     0.12 
  3069   1252623099.4320    0     0.12 
  3070   1252623104.9920    0     0.12 
  3071   1252623110.6000    0     0.12 
  3072   1252623115.9720    0     0.12 
  3073   1252623121.4240    0     0.12 
  3074   1252623126.6960    0     0.12 
  3075   1252623132.2880    0     0.12 
  3076   1252623137.8480    0     0.12 
  3077   1252623143.0960    0     0.12 
  3078   1252623148.6520    0     0.12 
  3079   1252623154.2320    0     0.12 
  3080   1252623159.6480    0     0.12 
  3081   1252623165.0160    0     0.12 
  3082   1252623170.7440    0     0.12 
  3083   1252623176.0920    0     0.12 
  3084   1252623181.6760    0     0.12 
  3085   1252623186.9880    0     0.12 
  3086   1252623192.6840    0     0.12 
  3087   1252623198.1080    0     0.12 
  3088   1252623203.4280    0     0.12 
  3089   1252623208.9040    0     0.12 
  3090   1252623214.4240    0     0.12 
  3091   1252623219.9440    0     0.12 
  3092   1252623225.4120    0     0.12 
  3093   1252623231.1160    0     0.12 
  3094   1252623236.5600    0     0.12 
  3095   1252623242.3000    0     0.12 
  3096   1252623247.8200    0     0.12 
  3097   1252623253.4080    0     0.12 
  3098   1252623258.8720    0     0.12 
  3099   1252623264.4440    0     0.12 
  3100   1252623270.0600    0     0.12 
  3101   1252623275.5880    0     0.12 
  3102   1252623281.2640    0     0.12 
  3103   1252623286.7600    0     0.12 
  3104   1252623292.5920    0     0.12 
  3105   1252623298.0600    0     0.12 
  3106   1252623303.9040    0     0.12 
  3107   1252623309.6240    0     0.12 
  3108   1252623315.1320    0     0.12 
  3109   1252623320.8600    0     0.12 
  3110   1252623326.4800    0     0.12 
  3111   1252623332.0600    0     0.12 
  3112   1252623337.7680    0     0.12 
  3113   1252623343.2280    0     0.12 
  3114   1252623348.9360    0     0.12 
  3115   1252623354.5080    0     0.12 
  3116   1252623360.0920    0     0.12 
  3117   1252623365.8520    0     0.12 
  3118   1252623371.4880    0     0.12 
  3119   1252623376.9840    0     0.12 
  3120   1252623382.3360    0     0.12 
  3121   1252623387.9480    0     0.12 
  3122   1252623393.3720    0     0.12 
  3123   1252623398.8840    0     0.12 
  3124   1252623404.4920    0     0.12 
  3125   1252623410.1200    0     0.12 
  3126   1252623415.7960    0     0.12 
  3127   1252623421.2080    0     0.12 
  3128   1252623426.9400    0     0.12 
  3129   1252623432.1440    0     0.12 
  3130   1252623437.7280    0     0.12 
  3131   1252623443.1400    0     0.12 
  3132   1252623448.6520    0     0.12 
  3133   1252623454.1160    0     0.12 
  3134   1252623459.5720    0     0.12 
  3135   1252623465.1880    0     0.12 
  3136   1252623470.6560    0     0.12 
  3137   1252623476.0840    0     0.12 
  3138   1252623481.6600    0     0.12 
  3139   1252623486.9800    0     0.12 
  3140   1252623492.6600    0     0.12 
  3141   1252623497.9000    0     0.12 
  3142   1252623503.5240    0     0.12 
  3143   1252623509.1480    0     0.12 
  3144   1252623514.5200    0     0.12 
  3145   1252623520.2520    0     0.12 
  3146   1252623525.6960    0     0.12 
  3147   1252623531.3040    0     0.12 
  3148   1252623537.0040    0     0.12 
  3149   1252623542.4000    0     0.12 
  3150   1252623547.8480    0     0.12 
  3151   1252623553.3480    0     0.12 
  3152   1252623558.8480    0     0.12 
  3153   1252623564.6000    0     0.12 
  3154   1252623570.0600    0     0.12 
  3155   1252623575.7040    0     0.12 
  3156   1252623581.2680    0     0.12 
  3157   1252623586.9240    0     0.12 
  3158   1252623592.4680    0     0.12 
  3159   1252623598.1760    0     0.12 
  3160   1252623603.7160    0     0.11 
  3161   1252623609.3840    0     0.11 
  3162   1252623614.9600    0     0.11 
  3163   1252623620.5040    0     0.11 
  3164   1252623626.0720    0     0.11 
  3165   1252623631.8040    0     0.11 
  3166   1252623637.2920    0     0.11 
  3167   1252623642.9040    0     0.11 
  3168   1252623648.3560    0     0.11 
  3169   1252623653.9440    0     0.11 
  3170   1252623659.7640    0     0.11 
  3171   1252623665.1480    0     0.11 
  3172   1252623670.7200    0     0.11 
  3173   1252623676.3120    0     0.11 
  3174   1252623681.8720    0     0.11 
  3175   1252623687.5400    0     0.11 
  3176   1252623693.1440    0     0.11 
  3177   1252623698.8880    0     0.11 
  3178   1252623704.4360    0     0.11 
  3179   1252623710.0520    0     0.11 
  3180   1252623715.8840    0     0.11 
  3181   1252623721.6440    0     0.11 
  3182   1252623727.2400    0     0.11 
  3183   1252623733.0440    0     0.11 
  3184   1252623738.4320    0     0.11 
  3185   1252623744.1040    0     0.11 
  3186   1252623749.5080    0     0.11 
  3187   1252623755.0240    0     0.11 
  3188   1252623760.5200    0     0.11 
  3189   1252623765.9240    0     0.11 
  3190   1252623771.5240    0     0.11 
  3191   1252623777.2080    0     0.11 
  3192   1252623782.8360    0     0.11 
  3193   1252623788.2760    0     0.11 
  3194   1252623793.9520    0     0.11 
  3195   1252623799.3600    0     0.11 
  3196   1252623804.6880    0     0.11 
  3197   1252623810.2720    0     0.11 
  3198   1252623815.5560    0     0.11 
  3199   1252623821.0360    0     0.11 
  3200   1252623826.6800    0     0.11 
  3201   1252623832.2240    0     0.11 
  3202   1252623837.6040    0     0.11 
  3203   1252623843.2760    0     0.11 
  3204   1252623848.7960    0     0.11 
  3205   1252623854.3000    0     0.11 
  3206   1252623859.9440    0     0.11 
  3207   1252623865.3640    0     0.11 
  3208   1252623870.9920    0     0.11 
  3209   1252623876.6200    0     0.11 
  3210   1252623882.3680    0     0.11 
  3211   1252623887.8400    0     0.11 
  3212   1252623893.5440    0     0.11 
  3213   1252623899.1600    0     0.11 
  3214   1252623904.7400    0     0.11 
  3215   1252623910.4600    0     0.11 
  3216   1252623915.9040    0     0.11 
  3217   1252623921.5720    0     0.11 
  3218   1252623927.2240    0     0.11 
  3219   1252623932.6360    0     0.11 
  3220   1252623938.2960    0     0.11 
  3221   1252623943.6120    0     0.11 
  3222   1252623949.4280    0     0.11 
  3223   1252623954.9840    0     0.11 
  3224   1252623960.4080    0     0.11 
  3225   1252623965.9080    0     0.11 
  3226   1252623971.4600    0     0.11 
  3227   1252623976.7800    0     0.11 
  3228   1252623982.4280    0     0.11 
  3229   1252623987.7520    0     0.11 
  3230   1252623993.2560    0     0.11 
  3231   1252623998.7800    0     0.11 
  3232   1252624004.2760    0     0.11 
  3233   1252624009.8240    0     0.11 
  3234   1252624015.2120    0     0.11 
  3235   1252624020.7600    0     0.11 
  3236   1252624026.1840    0     0.11 
  3237   1252624031.8040    0     0.11 
  3238   1252624037.3320    0     0.11 
  3239   1252624042.8920    0     0.11 
  3240   1252624048.3320    0     0.11 
  3241   1252624053.9080    0     0.11 
  3242   1252624059.4560    0     0.11 
  3243   1252624064.8640    0     0.11 
  3244   1252624070.3560    0     0.11 
  3245   1252624075.7760    0     0.11 
  3246   1252624081.2200    0     0.11 
  3247   1252624086.7680    0     0.11 
  3248   1252624092.0760    0     0.11 
  3249   1252624097.7160    0     0.11 
  3250   1252624103.0480    0     0.11 
  3251   1252624108.4920    0     0.11 
  3252   1252624114.1800    0     0.11 
  3253   1252624119.6920    0     0.11 
  3254   1252624125.2800    0     0.11 
  3255   1252624130.6800    0     0.11 
  3256   1252624136.2280    0     0.11 
  3257   1252624141.7200    0     0.11 
  3258   1252624147.2840    0     0.11 
  3259   1252624152.7440    0     0.11 
  3260   1252624158.3480    0     0.11 
  3261   1252624163.7640    0     0.11 
  3262   1252624169.2880    0     0.11 
  3263   1252624174.8080    0     0.11 
  3264   1252624180.3880    0     0.11 
  3265   1252624185.8640    0     0.11 
  3266   1252624191.5920    0     0.11 
  3267   1252624197.0400    0     0.11 
  3268   1252624202.4960    0     0.04 
  3269   1252624208.3440    0     0.04 
  3270   1252624213.6520    0     0.04 
  3271   1252624219.3080    0     0.04 
  3272   1252624224.8520    0     0.04 
  3273   1252624230.3640    0     0.04 
  3274   1252624235.8000    0     0.04 
  3275   1252624241.4160    0     0.04 
  3276   1252624246.7080    0     0.04 
  3277   1252624252.4360    0     0.04 
  3278   1252624257.9200    0     0.04 
  3279   1252624263.6000    0     0.04 
  3280   1252624269.1040    0     0.04 
  3281   1252624274.7240    0     0.04 
  3282   1252624280.2720    0     0.04 
  3283   1252624285.7360    0     0.04 
  3284   1252624291.4320    0     0.04 
  3285   1252624297.1240    0     0.04 
  3286   1252624302.7160    0     0.04 
  3287   1252624308.2320    0     0.04 
  3288   1252624314.0400    0     0.04 
  3289   1252624319.3560    0     0.04 
  3290   1252624325.1000    0     0.04 
  3291   1252624330.3000    0     0.04 
  3292   1252624336.0240    0     0.04 
  3293   1252624341.6520    0     0.04 
  3294   1252624347.1240    0     0.04 
  3295   1252624352.7680    0     0.04 
  3296   1252624358.4040    0     0.04 
  3297   1252624363.8680    0     0.04 
  3298   1252624369.4520    0     0.04 
  3299   1252624374.7320    0     0.04 
  3300   1252624380.3400    0     0.04 
  3301   1252624385.9800    0     0.04 
  3302   1252624391.4960    0     0.04 
  3303   1252624396.9960    0     0.04 
  3304   1252624402.6800    0     0.04 
  3305   1252624408.2920    0     0.04 
  3306   1252624413.7360    0     0.04 
  3307   1252624419.3280    0     0.04 
  3308   1252624424.7680    0     0.04 
  3309   1252624430.1040    0     0.04 
  3310   1252624435.5560    0     0.04 
  3311   1252624440.9720    0     0.04 
  3312   1252624446.7240    0     0.04 
  3313   1252624452.0760    0     0.04 
  3314   1252624457.6520    0     0.04 
  3315   1252624463.1800    0     0.04 
  3316   1252624468.5960    0     0.04 
  3317   1252624474.0200    0     0.04 
  3318   1252624479.4120    0     0.04 
  3319   1252624484.8600    0     0.04 
  3320   1252624490.3120    0     0.04 
  3321   1252624495.4920    0     0.04 
  3322   1252624501.1200    0     0.04 
  3323   1252624506.4600    0     0.04 
  3324   1252624511.8520    0     0.04 
  3325   1252624517.3640    0     0.04 
  3326   1252624522.9880    0     0.04 
  3327   1252624528.3640    0     0.04 
  3328   1252624533.6440    0     0.04 
  3329   1252624539.1280    0     0.04 
  3330   1252624544.5640    0     0.04 
  3331   1252624549.9480    0     0.04 
  3332   1252624555.5160    0     0.04 
  3333   1252624560.9720    0     0.04 
  3334   1252624566.3840    0     0.04 
  3335   1252624571.8920    0     0.04 
  3336   1252624577.2760    0     0.04 
  3337   1252624582.9720    0     0.04 
  3338   1252624588.6560    0     0.04 
  3339   1252624594.2080    0     0.04 
  3340   1252624599.7960    0     0.04 
  3341   1252624605.1560    0     0.04 
  3342   1252624610.9120    0     0.04 
  3343   1252624616.4280    0     0.04 
  3344   1252624622.0840    0     0.04 
  3345   1252624627.7640    0     0.04 
  3346   1252624633.0840    0     0.04 
  3347   1252624638.7960    0     0.04 
  3348   1252624644.4360    0     0.04 
  3349   1252624649.7400    0     0.04 
  3350   1252624655.3200    0     0.04 
  3351   1252624660.7720    0     0.04 
  3352   1252624666.3880    0     0.04 
  3353   1252624671.9440    0     0.04 
  3354   1252624677.4560    0     0.04 
  3355   1252624683.0680    0     0.04 
  3356   1252624688.5760    0     0.04 
  3357   1252624693.9880    0     0.04 
  3358   1252624699.7680    0     0.04 
  3359   1252624705.0840    0     0.04 
  3360   1252624710.6760    0     0.04 
  3361   1252624716.3000    0     0.04 
  3362   1252624721.7960    0     0.04 
  3363   1252624727.3560    0     0.04 
