# UltraTide data for line 1489P1047/a047
#Shot    Time               status  ultraTide 
#Name: ACO.ULTRATIDE1
  1064   1252671984.8760    0     -0.23 
  1065   1252671990.2200    0     -0.23 
  1066   1252671995.7560    0     -0.23 
  1067   1252672001.5040    0     -0.23 
  1068   1252672006.6840    0     -0.23 
  1069   1252672012.7720    0     -0.23 
  1070   1252672018.1560    0     -0.23 
  1071   1252672024.2160    0     -0.23 
  1072   1252672029.9360    0     -0.23 
  1073   1252672035.4920    0     -0.23 
  1074   1252672041.0640    0     -0.23 
  1075   1252672046.8720    0     -0.23 
  1076   1252672052.5200    0     -0.23 
  1077   1252672058.0080    0     -0.23 
  1078   1252672063.6480    0     -0.23 
  1079   1252672069.2760    0     -0.23 
  1080   1252672075.2160    0     -0.23 
  1081   1252672080.7000    0     -0.23 
  1082   1252672086.1360    0     -0.23 
  1083   1252672091.8520    0     -0.23 
  1084   1252672097.2160    0     -0.23 
  1085   1252672102.9640    0     -0.23 
  1086   1252672108.3920    0     -0.23 
  1087   1252672114.0560    0     -0.23 
  1088   1252672119.7480    0     -0.23 
  1089   1252672125.3320    0     -0.23 
  1090   1252672130.8560    0     -0.23 
  1091   1252672136.8000    0     -0.23 
  1092   1252672142.7520    0     -0.23 
  1093   1252672148.8960    0     -0.23 
  1094   1252672154.8280    0     -0.23 
  1095   1252672160.5360    0     -0.23 
  1096   1252672166.4920    0     -0.23 
  1097   1252672172.7440    0     -0.23 
  1098   1252672178.7160    0     -0.23 
  1099   1252672184.2080    0     -0.23 
  1100   1252672189.9960    0     -0.23 
  1101   1252672195.6440    0     -0.23 
  1102   1252672201.5880    0     -0.24 
  1103   1252672206.9440    0     -0.24 
  1104   1252672212.7880    0     -0.24 
  1105   1252672218.4480    0     -0.24 
  1106   1252672224.1000    0     -0.24 
  1107   1252672229.6280    0     -0.24 
  1108   1252672235.0320    0     -0.24 
  1109   1252672240.7240    0     -0.24 
  1110   1252672245.9840    0     -0.24 
  1111   1252672251.6480    0     -0.24 
  1112   1252672257.0000    0     -0.24 
  1113   1252672262.6920    0     -0.24 
  1114   1252672267.8720    0     -0.24 
  1115   1252672273.4880    0     -0.24 
  1116   1252672278.9120    0     -0.24 
  1117   1252672284.3120    0     -0.24 
  1118   1252672289.8440    0     -0.24 
  1119   1252672295.3360    0     -0.24 
  1120   1252672300.7360    0     -0.24 
  1121   1252672306.3360    0     -0.24 
  1122   1252672311.8360    0     -0.24 
  1123   1252672317.5400    0     -0.24 
  1124   1252672323.0040    0     -0.24 
  1125   1252672328.5640    0     -0.24 
  1126   1252672334.0680    0     -0.24 
  1127   1252672339.6320    0     -0.24 
  1128   1252672345.1160    0     -0.24 
  1129   1252672350.7080    0     -0.24 
  1130   1252672356.2520    0     -0.24 
  1131   1252672361.8560    0     -0.24 
  1132   1252672367.3320    0     -0.24 
  1133   1252672373.0200    0     -0.24 
  1134   1252672378.6040    0     -0.24 
  1135   1252672384.0880    0     -0.24 
  1136   1252672389.6640    0     -0.24 
  1137   1252672395.2000    0     -0.24 
  1138   1252672400.5800    0     -0.24 
  1139   1252672406.1400    0     -0.24 
  1140   1252672411.5160    0     -0.24 
  1141   1252672417.3560    0     -0.24 
  1142   1252672422.6560    0     -0.24 
  1143   1252672428.1160    0     -0.24 
  1144   1252672433.6600    0     -0.24 
  1145   1252672439.2400    0     -0.24 
  1146   1252672444.8640    0     -0.24 
  1147   1252672450.3400    0     -0.24 
  1148   1252672455.8360    0     -0.24 
  1149   1252672461.2080    0     -0.24 
  1150   1252672466.8160    0     -0.24 
  1151   1252672472.5280    0     -0.24 
  1152   1252672478.1160    0     -0.24 
  1153   1252672483.7000    0     -0.24 
  1154   1252672489.2800    0     -0.24 
  1155   1252672494.6480    0     -0.24 
  1156   1252672500.1720    0     -0.24 
  1157   1252672505.8360    0     -0.24 
  1158   1252672511.3160    0     -0.24 
  1159   1252672516.5120    0     -0.24 
  1160   1252672522.0760    0     -0.24 
  1161   1252672527.6800    0     -0.24 
  1162   1252672533.0360    0     -0.24 
  1163   1252672538.4560    0     -0.24 
  1164   1252672543.9680    0     -0.24 
  1165   1252672549.4960    0     -0.24 
  1166   1252672554.9360    0     -0.24 
  1167   1252672560.5280    0     -0.24 
  1168   1252672565.8200    0     -0.24 
  1169   1252672571.3040    0     -0.24 
  1170   1252672576.6120    0     -0.24 
  1171   1252672582.1080    0     -0.24 
  1172   1252672587.5960    0     -0.24 
  1173   1252672593.0800    0     -0.24 
  1174   1252672598.3480    0     -0.24 
  1175   1252672603.8800    0     -0.24 
  1176   1252672609.3200    0     -0.24 
  1177   1252672614.6360    0     -0.24 
  1178   1252672620.1880    0     -0.24 
  1179   1252672625.9040    0     -0.24 
  1180   1252672631.2480    0     -0.24 
  1181   1252672636.7240    0     -0.24 
  1182   1252672642.5800    0     -0.24 
  1183   1252672648.3240    0     -0.24 
  1184   1252672654.0960    0     -0.24 
  1185   1252672659.6480    0     -0.24 
  1186   1252672665.1760    0     -0.24 
  1187   1252672671.0240    0     -0.24 
  1188   1252672676.4920    0     -0.24 
  1189   1252672682.0640    0     -0.24 
  1190   1252672687.4120    0     -0.24 
  1191   1252672693.2560    0     -0.24 
  1192   1252672698.5280    0     -0.24 
  1193   1252672704.0200    0     -0.24 
  1194   1252672709.6320    0     -0.24 
  1195   1252672715.1480    0     -0.24 
  1196   1252672720.8360    0     -0.24 
  1197   1252672726.2360    0     -0.24 
  1198   1252672731.8760    0     -0.24 
  1199   1252672737.5000    0     -0.24 
  1200   1252672742.7800    0     -0.24 
  1201   1252672748.3960    0     -0.24 
  1202   1252672754.1320    0     -0.24 
  1203   1252672759.5440    0     -0.24 
  1204   1252672765.1840    0     -0.24 
  1205   1252672770.9160    0     -0.24 
  1206   1252672776.7080    0     -0.24 
  1207   1252672782.2240    0     -0.24 
  1208   1252672787.9960    0     -0.24 
  1209   1252672793.7280    0     -0.24 
  1210   1252672799.2240    0     -0.23 
  1211   1252672804.9640    0     -0.20 
  1212   1252672810.6280    0     -0.20 
  1213   1252672816.2040    0     -0.20 
  1214   1252672821.7440    0     -0.20 
  1215   1252672827.4160    0     -0.20 
  1216   1252672832.6400    0     -0.20 
  1217   1252672838.0760    0     -0.20 
  1218   1252672843.9040    0     -0.20 
  1219   1252672849.3360    0     -0.20 
  1220   1252672854.8560    0     -0.20 
  1221   1252672860.4400    0     -0.20 
  1222   1252672866.1160    0     -0.20 
  1223   1252672871.5200    0     -0.20 
  1224   1252672877.1360    0     -0.20 
  1225   1252672882.7240    0     -0.20 
  1226   1252672888.3240    0     -0.20 
  1227   1252672893.7520    0     -0.20 
  1228   1252672899.4920    0     -0.20 
  1229   1252672905.3520    0     -0.20 
  1230   1252672910.9960    0     -0.20 
  1231   1252672916.6480    0     -0.20 
  1232   1252672922.3760    0     -0.20 
  1233   1252672928.2760    0     -0.20 
  1234   1252672933.8080    0     -0.20 
  1235   1252672939.5880    0     -0.20 
  1236   1252672945.1640    0     -0.20 
  1237   1252672950.5720    0     -0.20 
  1238   1252672956.1400    0     -0.20 
  1239   1252672961.5240    0     -0.20 
  1240   1252672967.0640    0     -0.20 
  1241   1252672972.3920    0     -0.20 
  1242   1252672978.0680    0     -0.20 
  1243   1252672983.4760    0     -0.20 
  1244   1252672989.0080    0     -0.20 
  1245   1252672994.4120    0     -0.20 
  1246   1252672999.7840    0     -0.20 
  1247   1252673005.2600    0     -0.20 
  1248   1252673010.9840    0     -0.20 
  1249   1252673016.4160    0     -0.20 
  1250   1252673021.9400    0     -0.20 
  1251   1252673027.5680    0     -0.20 
  1252   1252673033.2520    0     -0.20 
  1253   1252673038.5680    0     -0.20 
  1254   1252673044.3000    0     -0.20 
  1255   1252673049.8440    0     -0.20 
  1256   1252673055.2680    0     -0.20 
  1257   1252673060.8320    0     -0.20 
  1258   1252673066.3240    0     -0.20 
  1259   1252673071.7560    0     -0.20 
  1260   1252673077.4480    0     -0.20 
  1261   1252673083.1120    0     -0.20 
  1262   1252673088.5200    0     -0.20 
  1263   1252673094.2000    0     -0.20 
  1264   1252673099.5160    0     -0.20 
  1265   1252673105.4040    0     -0.20 
  1266   1252673111.2600    0     -0.20 
  1267   1252673116.5720    0     -0.20 
  1268   1252673122.4920    0     -0.20 
  1269   1252673128.1160    0     -0.20 
  1270   1252673133.7400    0     -0.20 
  1271   1252673139.4960    0     -0.20 
  1272   1252673145.1160    0     -0.20 
  1273   1252673150.6000    0     -0.20 
  1274   1252673156.0840    0     -0.20 
  1275   1252673161.7640    0     -0.20 
  1276   1252673167.2200    0     -0.20 
  1277   1252673172.8600    0     -0.20 
  1278   1252673178.3080    0     -0.20 
  1279   1252673184.0240    0     -0.20 
  1280   1252673189.6280    0     -0.20 
  1281   1252673195.3240    0     -0.20 
  1282   1252673201.0200    0     -0.20 
  1283   1252673206.4720    0     -0.20 
  1284   1252673212.2760    0     -0.20 
  1285   1252673217.6400    0     -0.20 
  1286   1252673223.2720    0     -0.20 
  1287   1252673228.8240    0     -0.20 
  1288   1252673234.2720    0     -0.20 
  1289   1252673239.9440    0     -0.20 
  1290   1252673245.4680    0     -0.20 
  1291   1252673251.0960    0     -0.20 
  1292   1252673256.7480    0     -0.20 
  1293   1252673262.1640    0     -0.20 
  1294   1252673267.8560    0     -0.20 
  1295   1252673273.6920    0     -0.20 
  1296   1252673279.1080    0     -0.20 
  1297   1252673284.8200    0     -0.20 
  1298   1252673290.4360    0     -0.20 
  1299   1252673296.2560    0     -0.20 
  1300   1252673301.6920    0     -0.20 
  1301   1252673307.5040    0     -0.20 
  1302   1252673313.2280    0     -0.20 
  1303   1252673318.7400    0     -0.20 
  1304   1252673324.3440    0     -0.20 
  1305   1252673330.1400    0     -0.20 
  1306   1252673335.7680    0     -0.20 
  1307   1252673341.4000    0     -0.20 
  1308   1252673346.9040    0     -0.20 
  1309   1252673352.6040    0     -0.20 
  1310   1252673358.3720    0     -0.20 
  1311   1252673363.8000    0     -0.20 
  1312   1252673369.2800    0     -0.20 
  1313   1252673374.9440    0     -0.20 
  1314   1252673380.7200    0     -0.20 
  1315   1252673386.2520    0     -0.20 
  1316   1252673391.9000    0     -0.20 
  1317   1252673397.4960    0     -0.20 
  1318   1252673403.2000    0     -0.18 
  1319   1252673408.9120    0     -0.18 
  1320   1252673414.2440    0     -0.18 
  1321   1252673419.9280    0     -0.18 
  1322   1252673425.7280    0     -0.18 
  1323   1252673431.2000    0     -0.18 
  1324   1252673436.6760    0     -0.18 
  1325   1252673442.4640    0     -0.18 
  1326   1252673448.3640    0     -0.18 
  1327   1252673453.9000    0     -0.18 
  1328   1252673459.4240    0     -0.18 
  1329   1252673465.1560    0     -0.18 
  1330   1252673470.8680    0     -0.18 
  1331   1252673476.1760    0     -0.18 
  1332   1252673481.9400    0     -0.18 
  1333   1252673487.5560    0     -0.18 
  1334   1252673493.1640    0     -0.18 
  1335   1252673498.8960    0     -0.18 
  1336   1252673504.5920    0     -0.18 
  1337   1252673510.1200    0     -0.18 
  1338   1252673515.5160    0     -0.18 
  1339   1252673521.1760    0     -0.18 
  1340   1252673526.7600    0     -0.18 
  1341   1252673532.2920    0     -0.18 
  1342   1252673538.1080    0     -0.18 
  1343   1252673543.7400    0     -0.18 
  1344   1252673549.2160    0     -0.18 
  1345   1252673554.8360    0     -0.18 
  1346   1252673560.3760    0     -0.18 
  1347   1252673566.3120    0     -0.18 
  1348   1252673572.0920    0     -0.18 
  1349   1252673577.6640    0     -0.18 
  1350   1252673583.1120    0     -0.18 
  1351   1252673588.8640    0     -0.18 
  1352   1252673594.4760    0     -0.18 
  1353   1252673600.0800    0     -0.18 
  1354   1252673605.5760    0     -0.18 
  1355   1252673611.4200    0     -0.18 
  1356   1252673617.0000    0     -0.18 
  1357   1252673622.8000    0     -0.18 
  1358   1252673628.1280    0     -0.18 
  1359   1252673633.9000    0     -0.18 
  1360   1252673639.4480    0     -0.18 
  1361   1252673645.1040    0     -0.18 
  1362   1252673650.6880    0     -0.18 
  1363   1252673656.5000    0     -0.18 
  1364   1252673662.0120    0     -0.18 
  1365   1252673667.6000    0     -0.18 
  1366   1252673673.1600    0     -0.18 
  1367   1252673678.8280    0     -0.18 
  1368   1252673684.4040    0     -0.18 
  1369   1252673690.0520    0     -0.18 
  1370   1252673695.6240    0     -0.18 
  1371   1252673701.3720    0     -0.18 
  1372   1252673706.9200    0     -0.18 
  1373   1252673712.6880    0     -0.18 
  1374   1252673718.5640    0     -0.18 
  1375   1252673724.4000    0     -0.18 
  1376   1252673730.0640    0     -0.18 
  1377   1252673735.8120    0     -0.18 
  1378   1252673741.4720    0     -0.18 
  1379   1252673747.2080    0     -0.18 
  1380   1252673753.1720    0     -0.18 
  1381   1252673758.9440    0     -0.18 
  1382   1252673764.3960    0     -0.18 
  1383   1252673770.1000    0     -0.18 
  1384   1252673775.6880    0     -0.18 
  1385   1252673781.7160    0     -0.18 
  1386   1252673787.1880    0     -0.18 
  1387   1252673793.2160    0     -0.18 
  1388   1252673798.5640    0     -0.18 
  1389   1252673804.9320    0     -0.18 
  1390   1252673810.4960    0     -0.18 
  1391   1252673816.1120    0     -0.18 
  1392   1252673821.9120    0     -0.18 
  1393   1252673827.8120    0     -0.18 
  1394   1252673833.6080    0     -0.18 
  1395   1252673839.0840    0     -0.18 
  1396   1252673844.6960    0     -0.18 
  1397   1252673850.1480    0     -0.18 
  1398   1252673855.6320    0     -0.18 
  1399   1252673860.8920    0     -0.18 
  1400   1252673866.2840    0     -0.18 
  1401   1252673871.8640    0     -0.18 
  1402   1252673877.2560    0     -0.18 
  1403   1252673882.7280    0     -0.18 
  1404   1252673887.9720    0     -0.18 
  1405   1252673893.5360    0     -0.18 
  1406   1252673899.0920    0     -0.18 
  1407   1252673904.5920    0     -0.18 
  1408   1252673909.9480    0     -0.18 
  1409   1252673915.6880    0     -0.18 
  1410   1252673921.1480    0     -0.18 
  1411   1252673926.8680    0     -0.18 
  1412   1252673932.4960    0     -0.18 
  1413   1252673938.1560    0     -0.18 
  1414   1252673943.5960    0     -0.18 
  1415   1252673949.1040    0     -0.18 
  1416   1252673954.9240    0     -0.18 
  1417   1252673960.5920    0     -0.18 
  1418   1252673966.1640    0     -0.18 
  1419   1252673971.6680    0     -0.18 
  1420   1252673977.5280    0     -0.18 
  1421   1252673982.9720    0     -0.18 
  1422   1252673988.6280    0     -0.18 
  1423   1252673994.1760    0     -0.18 
  1424   1252673999.7480    0     -0.17 
  1425   1252674005.3120    0     -0.16 
  1426   1252674010.9760    0     -0.16 
  1427   1252674016.9600    0     -0.16 
  1428   1252674022.6760    0     -0.16 
  1429   1252674028.4040    0     -0.16 
  1430   1252674034.3280    0     -0.16 
  1431   1252674039.9360    0     -0.16 
  1432   1252674045.8840    0     -0.16 
  1433   1252674051.9440    0     -0.16 
  1434   1252674057.4840    0     -0.16 
  1435   1252674063.2280    0     -0.16 
  1436   1252674069.0640    0     -0.16 
  1437   1252674074.8280    0     -0.16 
  1438   1252674080.2320    0     -0.16 
  1439   1252674086.0040    0     -0.16 
  1440   1252674092.0120    0     -0.16 
  1441   1252674097.7880    0     -0.16 
  1442   1252674103.5000    0     -0.16 
  1443   1252674109.3600    0     -0.16 
  1444   1252674115.2400    0     -0.16 
  1445   1252674121.2920    0     -0.16 
  1446   1252674126.9960    0     -0.16 
  1447   1252674132.6600    0     -0.16 
  1448   1252674138.5880    0     -0.16 
  1449   1252674144.3600    0     -0.16 
  1450   1252674149.7400    0     -0.16 
  1451   1252674155.3600    0     -0.16 
  1452   1252674160.7120    0     -0.16 
  1453   1252674166.3200    0     -0.16 
  1454   1252674171.8440    0     -0.16 
  1455   1252674177.2840    0     -0.16 
  1456   1252674182.8400    0     -0.16 
  1457   1252674188.5160    0     -0.16 
  1458   1252674193.7840    0     -0.16 
  1459   1252674199.4760    0     -0.16 
  1460   1252674204.7920    0     -0.16 
  1461   1252674210.2960    0     -0.16 
  1462   1252674215.6440    0     -0.16 
  1463   1252674221.0400    0     -0.16 
  1464   1252674226.4400    0     -0.16 
  1465   1252674231.7560    0     -0.16 
  1466   1252674237.4040    0     -0.16 
  1467   1252674242.9360    0     -0.16 
  1468   1252674248.2960    0     -0.16 
  1469   1252674253.8360    0     -0.16 
  1470   1252674259.7880    0     -0.16 
  1471   1252674265.2320    0     -0.16 
  1472   1252674270.7680    0     -0.16 
  1473   1252674276.4640    0     -0.16 
  1474   1252674282.4680    0     -0.16 
  1475   1252674288.3720    0     -0.16 
  1476   1252674293.6800    0     -0.16 
  1477   1252674299.2840    0     -0.16 
  1478   1252674304.9480    0     -0.16 
  1479   1252674310.2600    0     -0.16 
  1480   1252674315.6960    0     -0.16 
  1481   1252674321.1240    0     -0.16 
  1482   1252674326.5720    0     -0.16 
  1483   1252674332.0440    0     -0.16 
  1484   1252674337.4640    0     -0.16 
  1485   1252674342.9080    0     -0.16 
  1486   1252674348.5480    0     -0.16 
  1487   1252674354.0240    0     -0.16 
  1488   1252674359.6280    0     -0.16 
  1489   1252674365.2280    0     -0.16 
  1490   1252674370.9720    0     -0.16 
  1491   1252674376.5520    0     -0.16 
  1492   1252674382.3000    0     -0.16 
  1493   1252674387.9240    0     -0.16 
  1494   1252674393.5160    0     -0.16 
  1495   1252674398.9920    0     -0.16 
  1496   1252674404.6640    0     -0.16 
  1497   1252674410.3040    0     -0.16 
  1498   1252674415.6400    0     -0.16 
  1499   1252674421.3040    0     -0.16 
  1500   1252674427.0040    0     -0.16 
  1501   1252674432.4720    0     -0.16 
  1502   1252674438.0280    0     -0.16 
  1503   1252674443.7000    0     -0.16 
  1504   1252674449.3200    0     -0.16 
  1505   1252674454.8880    0     -0.16 
  1506   1252674460.4000    0     -0.16 
  1507   1252674465.9000    0     -0.16 
  1508   1252674471.4320    0     -0.16 
  1509   1252674476.9000    0     -0.16 
  1510   1252674482.5120    0     -0.16 
  1511   1252674488.1680    0     -0.16 
  1512   1252674493.5640    0     -0.16 
  1513   1252674499.0240    0     -0.16 
  1514   1252674504.3920    0     -0.16 
  1515   1252674509.7960    0     -0.16 
  1516   1252674515.3080    0     -0.16 
  1517   1252674520.7160    0     -0.16 
  1518   1252674526.3680    0     -0.16 
  1519   1252674531.6920    0     -0.16 
  1520   1252674537.3200    0     -0.16 
  1521   1252674543.1040    0     -0.16 
  1522   1252674548.5520    0     -0.16 
  1523   1252674554.1640    0     -0.16 
  1524   1252674559.7840    0     -0.16 
  1525   1252674565.7120    0     -0.16 
  1526   1252674571.6800    0     -0.16 
  1527   1252674577.6640    0     -0.16 
  1528   1252674583.1320    0     -0.16 
  1529   1252674588.8240    0     -0.16 
  1530   1252674594.5960    0     -0.16 
  1531   1252674600.4440    0     -0.12 
  1532   1252674605.8400    0     -0.12 
  1533   1252674611.5560    0     -0.12 
  1534   1252674617.3000    0     -0.12 
  1535   1252674622.6800    0     -0.12 
  1536   1252674628.4400    0     -0.12 
  1537   1252674634.1200    0     -0.12 
  1538   1252674639.6360    0     -0.12 
  1539   1252674645.1960    0     -0.12 
  1540   1252674651.0840    0     -0.12 
  1541   1252674656.5880    0     -0.12 
  1542   1252674662.2360    0     -0.12 
  1543   1252674668.0240    0     -0.12 
  1544   1252674673.6560    0     -0.12 
  1545   1252674679.2400    0     -0.12 
  1546   1252674685.1440    0     -0.12 
  1547   1252674690.8160    0     -0.12 
  1548   1252674696.5840    0     -0.12 
  1549   1252674702.2040    0     -0.12 
  1550   1252674707.5960    0     -0.12 
  1551   1252674713.3800    0     -0.12 
  1552   1252674718.8760    0     -0.12 
  1553   1252674724.5360    0     -0.12 
  1554   1252674730.2360    0     -0.12 
  1555   1252674735.8960    0     -0.12 
  1556   1252674741.3280    0     -0.12 
  1557   1252674747.1520    0     -0.12 
  1558   1252674752.6960    0     -0.12 
  1559   1252674758.7040    0     -0.12 
  1560   1252674764.5600    0     -0.12 
  1561   1252674770.1040    0     -0.12 
  1562   1252674775.6880    0     -0.12 
  1563   1252674781.1200    0     -0.12 
  1564   1252674786.6960    0     -0.12 
  1565   1252674792.1920    0     -0.12 
  1566   1252674797.9400    0     -0.12 
  1567   1252674803.4080    0     -0.12 
  1568   1252674809.0960    0     -0.12 
  1569   1252674814.7120    0     -0.12 
  1570   1252674820.2760    0     -0.12 
  1571   1252674825.4680    0     -0.12 
  1572   1252674831.1520    0     -0.12 
  1573   1252674836.2520    0     -0.12 
  1574   1252674842.0280    0     -0.12 
  1575   1252674847.2480    0     -0.12 
  1576   1252674852.8240    0     -0.12 
  1577   1252674858.4200    0     -0.12 
  1578   1252674864.0560    0     -0.12 
  1579   1252674869.7040    0     -0.12 
  1580   1252674875.3000    0     -0.12 
  1581   1252674880.8800    0     -0.12 
  1582   1252674886.4000    0     -0.12 
  1583   1252674892.0120    0     -0.12 
  1584   1252674897.4880    0     -0.12 
  1585   1252674902.8080    0     -0.12 
  1586   1252674908.4000    0     -0.12 
  1587   1252674914.0120    0     -0.12 
  1588   1252674919.5680    0     -0.12 
  1589   1252674925.1800    0     -0.12 
  1590   1252674930.7160    0     -0.12 
  1591   1252674936.5880    0     -0.12 
  1592   1252674942.1080    0     -0.12 
  1593   1252674947.6960    0     -0.12 
  1594   1252674953.5320    0     -0.12 
  1595   1252674958.8640    0     -0.12 
  1596   1252674964.6760    0     -0.12 
  1597   1252674970.2520    0     -0.12 
  1598   1252674976.1240    0     -0.12 
  1599   1252674981.6120    0     -0.12 
  1600   1252674987.4120    0     -0.12 
  1601   1252674993.0320    0     -0.12 
  1602   1252674998.7560    0     -0.12 
  1603   1252675004.5040    0     -0.12 
  1604   1252675009.9520    0     -0.12 
  1605   1252675015.7120    0     -0.12 
  1606   1252675021.2880    0     -0.12 
  1607   1252675027.3600    0     -0.12 
  1608   1252675032.7200    0     -0.12 
  1609   1252675038.4640    0     -0.12 
  1610   1252675044.2320    0     -0.12 
  1611   1252675049.9360    0     -0.12 
  1612   1252675056.1800    0     -0.12 
  1613   1252675061.6240    0     -0.12 
  1614   1252675067.5240    0     -0.12 
  1615   1252675073.0880    0     -0.12 
  1616   1252675079.0440    0     -0.12 
  1617   1252675084.6640    0     -0.12 
  1618   1252675090.2680    0     -0.12 
  1619   1252675096.0320    0     -0.12 
  1620   1252675101.7160    0     -0.12 
  1621   1252675107.3680    0     -0.12 
  1622   1252675112.8680    0     -0.12 
  1623   1252675118.7520    0     -0.12 
  1624   1252675123.9680    0     -0.12 
  1625   1252675129.7040    0     -0.12 
  1626   1252675135.1720    0     -0.12 
  1627   1252675140.6840    0     -0.12 
  1628   1252675146.2240    0     -0.12 
  1629   1252675151.8040    0     -0.12 
  1630   1252675157.2480    0     -0.12 
  1631   1252675162.8560    0     -0.12 
  1632   1252675168.3800    0     -0.12 
  1633   1252675173.6520    0     -0.12 
  1634   1252675179.0960    0     -0.12 
  1635   1252675184.9160    0     -0.12 
  1636   1252675190.3640    0     -0.12 
  1637   1252675195.9120    0     -0.12 
  1638   1252675201.3840    0     -0.13 
  1639   1252675206.9760    0     -0.13 
  1640   1252675212.6440    0     -0.13 
  1641   1252675218.1920    0     -0.13 
  1642   1252675223.7800    0     -0.13 
  1643   1252675229.3240    0     -0.13 
  1644   1252675234.8240    0     -0.13 
  1645   1252675240.4880    0     -0.13 
  1646   1252675246.1080    0     -0.13 
  1647   1252675251.6600    0     -0.13 
  1648   1252675257.2880    0     -0.13 
  1649   1252675262.8240    0     -0.13 
  1650   1252675268.5760    0     -0.13 
  1651   1252675274.0160    0     -0.13 
  1652   1252675279.5200    0     -0.13 
  1653   1252675285.2960    0     -0.13 
  1654   1252675290.7320    0     -0.13 
  1655   1252675296.2760    0     -0.13 
  1656   1252675301.6680    0     -0.13 
  1657   1252675307.4840    0     -0.13 
  1658   1252675312.9360    0     -0.13 
  1659   1252675318.6680    0     -0.13 
  1660   1252675323.9320    0     -0.13 
  1661   1252675329.7360    0     -0.13 
  1662   1252675335.4240    0     -0.13 
  1663   1252675340.9480    0     -0.13 
  1664   1252675346.9000    0     -0.13 
  1665   1252675352.3960    0     -0.13 
  1666   1252675358.2080    0     -0.13 
  1667   1252675363.8040    0     -0.13 
  1668   1252675370.0680    0     -0.13 
  1669   1252675375.7080    0     -0.13 
  1670   1252675381.4080    0     -0.13 
  1671   1252675387.1680    0     -0.13 
  1672   1252675393.2120    0     -0.13 
  1673   1252675398.7840    0     -0.13 
  1674   1252675404.4720    0     -0.13 
  1675   1252675410.4560    0     -0.13 
  1676   1252675416.2040    0     -0.13 
  1677   1252675422.1160    0     -0.13 
  1678   1252675427.1680    0     -0.13 
  1679   1252675433.0160    0     -0.13 
  1680   1252675438.4840    0     -0.13 
  1681   1252675444.8440    0     -0.13 
  1682   1252675450.2600    0     -0.13 
  1683   1252675456.0280    0     -0.13 
  1684   1252675461.4680    0     -0.13 
  1685   1252675467.0920    0     -0.13 
  1686   1252675472.7040    0     -0.13 
  1687   1252675478.2600    0     -0.13 
  1688   1252675483.8000    0     -0.13 
  1689   1252675489.3360    0     -0.13 
  1690   1252675494.9040    0     -0.13 
  1691   1252675500.4200    0     -0.13 
  1692   1252675505.9640    0     -0.13 
  1693   1252675511.4600    0     -0.13 
  1694   1252675516.8200    0     -0.13 
  1695   1252675522.5680    0     -0.13 
  1696   1252675528.0280    0     -0.13 
  1697   1252675533.3920    0     -0.13 
  1698   1252675539.1360    0     -0.13 
  1699   1252675544.4480    0     -0.13 
  1700   1252675550.2360    0     -0.13 
  1701   1252675555.6960    0     -0.13 
  1702   1252675561.3120    0     -0.13 
  1703   1252675566.8240    0     -0.13 
  1704   1252675572.5080    0     -0.13 
  1705   1252675578.1520    0     -0.13 
  1706   1252675583.6640    0     -0.13 
  1707   1252675589.1600    0     -0.13 
  1708   1252675594.9680    0     -0.13 
  1709   1252675600.3160    0     -0.13 
  1710   1252675606.2200    0     -0.13 
  1711   1252675611.8320    0     -0.13 
  1712   1252675617.7200    0     -0.13 
  1713   1252675623.1680    0     -0.13 
  1714   1252675628.4280    0     -0.13 
  1715   1252675634.3080    0     -0.13 
  1716   1252675640.0160    0     -0.13 
  1717   1252675645.7200    0     -0.13 
  1718   1252675651.4480    0     -0.13 
  1719   1252675657.2480    0     -0.13 
  1720   1252675663.0200    0     -0.13 
  1721   1252675668.3280    0     -0.13 
  1722   1252675673.9800    0     -0.13 
  1723   1252675679.2480    0     -0.13 
  1724   1252675684.5800    0     -0.13 
  1725   1252675690.1640    0     -0.13 
  1726   1252675695.6080    0     -0.13 
  1727   1252675701.1960    0     -0.13 
  1728   1252675706.6920    0     -0.13 
  1729   1252675712.1440    0     -0.13 
  1730   1252675717.6880    0     -0.13 
  1731   1252675723.2480    0     -0.13 
  1732   1252675728.8360    0     -0.13 
  1733   1252675734.4120    0     -0.13 
  1734   1252675739.8800    0     -0.13 
  1735   1252675745.6280    0     -0.13 
  1736   1252675751.1920    0     -0.13 
  1737   1252675756.9560    0     -0.13 
  1738   1252675762.4920    0     -0.13 
  1739   1252675768.0160    0     -0.13 
  1740   1252675773.3840    0     -0.13 
  1741   1252675779.1480    0     -0.13 
  1742   1252675784.2800    0     -0.13 
  1743   1252675789.7800    0     -0.13 
  1744   1252675795.4160    0     -0.13 
  1745   1252675800.8400    0     -0.09 
  1746   1252675806.1120    0     -0.09 
  1747   1252675811.7280    0     -0.09 
  1748   1252675817.5880    0     -0.09 
  1749   1252675823.1360    0     -0.09 
  1750   1252675828.5840    0     -0.09 
  1751   1252675834.3160    0     -0.09 
  1752   1252675840.1680    0     -0.09 
  1753   1252675845.6840    0     -0.09 
  1754   1252675851.2480    0     -0.09 
  1755   1252675857.2640    0     -0.09 
  1756   1252675862.3960    0     -0.09 
  1757   1252675867.9760    0     -0.09 
  1758   1252675873.2800    0     -0.09 
  1759   1252675878.7480    0     -0.09 
  1760   1252675884.1160    0     -0.09 
  1761   1252675889.8680    0     -0.09 
  1762   1252675895.2880    0     -0.09 
  1763   1252675900.7320    0     -0.09 
  1764   1252675906.2960    0     -0.09 
  1765   1252675911.8200    0     -0.09 
  1766   1252675917.3440    0     -0.09 
  1767   1252675922.8760    0     -0.09 
  1768   1252675928.7360    0     -0.09 
  1769   1252675934.6920    0     -0.09 
  1770   1252675940.6720    0     -0.09 
  1771   1252675946.3120    0     -0.09 
  1772   1252675952.0640    0     -0.09 
  1773   1252675957.6360    0     -0.09 
  1774   1252675963.7720    0     -0.09 
  1775   1252675969.0960    0     -0.09 
  1776   1252675974.8160    0     -0.09 
  1777   1252675980.0680    0     -0.09 
  1778   1252675985.8240    0     -0.09 
  1779   1252675991.2640    0     -0.09 
  1780   1252675996.9920    0     -0.09 
  1781   1252676002.5520    0     -0.09 
  1782   1252676008.2840    0     -0.09 
  1783   1252676014.0520    0     -0.09 
  1784   1252676019.6800    0     -0.09 
  1785   1252676025.3160    0     -0.09 
  1786   1252676031.1120    0     -0.09 
  1787   1252676036.7400    0     -0.09 
  1788   1252676042.3000    0     -0.09 
  1789   1252676047.8040    0     -0.09 
  1790   1252676053.3680    0     -0.09 
  1791   1252676058.5520    0     -0.09 
  1792   1252676064.1320    0     -0.09 
  1793   1252676069.4040    0     -0.09 
  1794   1252676074.8400    0     -0.09 
  1795   1252676080.4640    0     -0.09 
  1796   1252676085.9560    0     -0.09 
  1797   1252676091.4880    0     -0.09 
  1798   1252676096.6520    0     -0.09 
  1799   1252676102.4320    0     -0.09 
  1800   1252676107.8240    0     -0.09 
  1801   1252676113.4000    0     -0.09 
  1802   1252676118.8880    0     -0.09 
  1803   1252676124.4960    0     -0.09 
  1804   1252676130.0560    0     -0.09 
  1805   1252676135.4240    0     -0.09 
  1806   1252676141.0080    0     -0.09 
  1807   1252676146.9080    0     -0.09 
  1808   1252676152.0720    0     -0.09 
  1809   1252676157.5080    0     -0.09 
  1810   1252676163.1520    0     -0.09 
  1811   1252676168.4680    0     -0.09 
  1812   1252676173.9960    0     -0.09 
  1813   1252676179.4000    0     -0.09 
  1814   1252676184.9000    0     -0.09 
  1815   1252676190.3160    0     -0.09 
  1816   1252676195.9600    0     -0.09 
  1817   1252676201.2320    0     -0.09 
  1818   1252676206.8520    0     -0.09 
  1819   1252676212.6320    0     -0.09 
  1820   1252676218.1120    0     -0.09 
  1821   1252676223.8040    0     -0.09 
  1822   1252676229.4520    0     -0.09 
  1823   1252676234.5840    0     -0.09 
  1824   1252676240.4880    0     -0.09 
  1825   1252676246.0240    0     -0.09 
  1826   1252676251.4680    0     -0.09 
  1827   1252676256.8160    0     -0.09 
  1828   1252676262.7760    0     -0.09 
  1829   1252676268.0920    0     -0.09 
  1830   1252676273.6400    0     -0.09 
  1831   1252676279.1800    0     -0.09 
  1832   1252676284.8120    0     -0.09 
  1833   1252676290.2640    0     -0.09 
  1834   1252676295.7480    0     -0.09 
  1835   1252676301.2880    0     -0.09 
  1836   1252676306.8080    0     -0.09 
  1837   1252676311.9960    0     -0.09 
  1838   1252676317.5880    0     -0.09 
  1839   1252676322.9680    0     -0.09 
  1840   1252676328.5080    0     -0.09 
  1841   1252676333.8840    0     -0.09 
  1842   1252676339.3480    0     -0.09 
  1843   1252676345.0200    0     -0.09 
  1844   1252676350.3320    0     -0.09 
  1845   1252676355.7120    0     -0.09 
  1846   1252676360.9760    0     -0.09 
  1847   1252676366.3880    0     -0.09 
  1848   1252676371.8840    0     -0.09 
  1849   1252676377.2400    0     -0.09 
  1850   1252676382.7520    0     -0.09 
  1851   1252676388.4080    0     -0.09 
  1852   1252676394.0840    0     -0.09 
  1853   1252676399.9400    0     -0.06 
  1854   1252676405.5160    0     -0.06 
  1855   1252676411.1680    0     -0.06 
  1856   1252676416.7720    0     -0.06 
  1857   1252676422.6640    0     -0.06 
  1858   1252676428.3800    0     -0.06 
  1859   1252676434.2160    0     -0.06 
  1860   1252676439.6840    0     -0.06 
  1861   1252676445.4000    0     -0.06 
  1862   1252676451.2800    0     -0.06 
  1863   1252676457.1840    0     -0.06 
  1864   1252676462.6840    0     -0.06 
  1865   1252676468.3920    0     -0.06 
  1866   1252676474.3640    0     -0.06 
  1867   1252676479.8240    0     -0.06 
  1868   1252676485.6280    0     -0.06 
  1869   1252676491.1840    0     -0.06 
  1870   1252676496.7560    0     -0.06 
  1871   1252676502.6400    0     -0.06 
  1872   1252676508.0400    0     -0.06 
  1873   1252676513.7480    0     -0.06 
  1874   1252676519.5720    0     -0.06 
  1875   1252676524.8920    0     -0.06 
  1876   1252676530.6680    0     -0.06 
  1877   1252676536.0800    0     -0.06 
  1878   1252676541.8840    0     -0.06 
  1879   1252676547.3800    0     -0.06 
  1880   1252676553.1280    0     -0.06 
  1881   1252676558.7880    0     -0.06 
  1882   1252676564.7720    0     -0.06 
  1883   1252676570.1520    0     -0.06 
  1884   1252676576.0160    0     -0.06 
  1885   1252676581.5440    0     -0.06 
  1886   1252676587.2320    0     -0.06 
  1887   1252676593.0440    0     -0.06 
  1888   1252676598.6720    0     -0.06 
  1889   1252676604.4560    0     -0.06 
  1890   1252676610.1920    0     -0.06 
  1891   1252676615.8400    0     -0.06 
  1892   1252676621.4880    0     -0.06 
  1893   1252676627.1440    0     -0.06 
  1894   1252676632.7480    0     -0.06 
  1895   1252676638.3800    0     -0.06 
  1896   1252676644.2280    0     -0.06 
  1897   1252676649.8400    0     -0.06 
  1898   1252676655.4480    0     -0.06 
  1899   1252676661.0440    0     -0.06 
  1900   1252676666.9160    0     -0.06 
  1901   1252676672.8920    0     -0.06 
  1902   1252676678.9440    0     -0.06 
  1903   1252676684.8440    0     -0.06 
  1904   1252676690.3400    0     -0.06 
  1905   1252676696.4640    0     -0.06 
  1906   1252676702.0520    0     -0.06 
  1907   1252676707.9600    0     -0.06 
  1908   1252676713.7480    0     -0.06 
  1909   1252676719.5600    0     -0.06 
  1910   1252676725.4000    0     -0.06 
  1911   1252676730.9920    0     -0.06 
  1912   1252676736.8640    0     -0.06 
  1913   1252676742.4000    0     -0.06 
  1914   1252676748.6120    0     -0.06 
  1915   1252676753.8920    0     -0.06 
  1916   1252676759.6440    0     -0.06 
  1917   1252676765.5120    0     -0.06 
  1918   1252676771.2440    0     -0.06 
  1919   1252676776.8000    0     -0.06 
  1920   1252676782.5160    0     -0.06 
  1921   1252676788.4560    0     -0.06 
  1922   1252676794.2600    0     -0.06 
  1923   1252676799.8000    0     -0.06 
  1924   1252676805.6480    0     -0.06 
  1925   1252676811.4000    0     -0.06 
  1926   1252676817.1160    0     -0.06 
  1927   1252676823.1400    0     -0.06 
  1928   1252676828.7320    0     -0.06 
  1929   1252676834.6320    0     -0.06 
  1930   1252676840.3560    0     -0.06 
  1931   1252676846.3160    0     -0.06 
  1932   1252676852.1200    0     -0.06 
  1933   1252676857.4360    0     -0.06 
  1934   1252676863.5160    0     -0.06 
  1935   1252676868.8560    0     -0.06 
  1936   1252676875.0440    0     -0.06 
  1937   1252676880.4960    0     -0.06 
  1938   1252676886.3240    0     -0.06 
  1939   1252676891.8560    0     -0.06 
  1940   1252676897.6000    0     -0.06 
  1941   1252676903.1000    0     -0.06 
  1942   1252676908.8400    0     -0.06 
  1943   1252676914.5480    0     -0.06 
  1944   1252676920.1840    0     -0.06 
  1945   1252676926.2320    0     -0.06 
  1946   1252676932.1000    0     -0.06 
  1947   1252676938.0320    0     -0.06 
  1948   1252676943.5320    0     -0.06 
  1949   1252676949.5680    0     -0.06 
  1950   1252676955.4360    0     -0.06 
  1951   1252676961.2400    0     -0.06 
  1952   1252676967.1320    0     -0.06 
  1953   1252676972.8200    0     -0.06 
  1954   1252676978.2320    0     -0.06 
  1955   1252676983.9440    0     -0.06 
  1956   1252676989.6960    0     -0.06 
  1957   1252676995.1280    0     -0.06 
  1958   1252677000.7000    0     -0.02 
  1959   1252677006.2080    0     -0.02 
  1960   1252677011.8000    0     -0.02 
  1961   1252677017.7600    0     -0.02 
  1962   1252677023.2800    0     -0.02 
  1963   1252677029.1600    0     -0.02 
  1964   1252677034.7680    0     -0.02 
  1965   1252677040.5000    0     -0.02 
  1966   1252677046.4040    0     -0.02 
  1967   1252677052.0320    0     -0.02 
  1968   1252677057.6680    0     -0.02 
  1969   1252677063.5840    0     -0.02 
  1970   1252677069.3760    0     -0.02 
  1971   1252677075.0120    0     -0.02 
  1972   1252677080.6560    0     -0.02 
  1973   1252677086.6120    0     -0.02 
  1974   1252677092.0600    0     -0.02 
  1975   1252677097.7280    0     -0.02 
  1976   1252677103.2960    0     -0.02 
  1977   1252677109.2400    0     -0.02 
  1978   1252677114.8640    0     -0.02 
  1979   1252677120.4360    0     -0.02 
  1980   1252677126.5920    0     -0.02 
  1981   1252677132.6120    0     -0.02 
  1982   1252677138.0000    0     -0.02 
  1983   1252677143.7320    0     -0.02 
  1984   1252677149.2760    0     -0.02 
  1985   1252677155.3640    0     -0.02 
  1986   1252677161.2560    0     -0.02 
  1987   1252677166.9520    0     -0.02 
  1988   1252677172.9320    0     -0.02 
  1989   1252677178.9240    0     -0.02 
  1990   1252677184.4560    0     -0.02 
  1991   1252677190.0600    0     -0.02 
  1992   1252677195.7760    0     -0.02 
  1993   1252677201.4000    0     -0.02 
  1994   1252677207.1160    0     -0.02 
  1995   1252677212.8440    0     -0.02 
  1996   1252677218.6160    0     -0.02 
  1997   1252677224.2680    0     -0.02 
  1998   1252677229.7640    0     -0.02 
  1999   1252677235.4600    0     -0.02 
  2000   1252677240.8600    0     -0.02 
  2001   1252677246.7240    0     -0.02 
  2002   1252677252.4040    0     -0.02 
  2003   1252677258.0120    0     -0.02 
  2004   1252677263.6920    0     -0.02 
  2005   1252677269.3120    0     -0.02 
  2006   1252677275.0320    0     -0.02 
  2007   1252677280.6280    0     -0.02 
  2008   1252677286.2040    0     -0.02 
  2009   1252677292.0480    0     -0.02 
  2010   1252677297.8360    0     -0.02 
  2011   1252677303.4080    0     -0.02 
  2012   1252677309.3120    0     -0.02 
  2013   1252677315.1400    0     -0.02 
  2014   1252677320.6600    0     -0.02 
  2015   1252677326.4280    0     -0.02 
  2016   1252677331.6440    0     -0.02 
  2017   1252677337.6360    0     -0.02 
  2018   1252677343.1200    0     -0.02 
  2019   1252677349.0880    0     -0.02 
  2020   1252677354.6880    0     -0.02 
  2021   1252677360.4600    0     -0.02 
  2022   1252677365.9640    0     -0.02 
  2023   1252677371.3680    0     -0.02 
  2024   1252677377.0200    0     -0.02 
  2025   1252677382.4800    0     -0.02 
  2026   1252677387.9000    0     -0.02 
  2027   1252677393.7000    0     -0.02 
  2028   1252677399.3360    0     -0.02 
  2029   1252677404.5360    0     -0.02 
  2030   1252677410.0360    0     -0.02 
  2031   1252677415.6920    0     -0.02 
  2032   1252677421.0560    0     -0.02 
  2033   1252677426.4880    0     -0.02 
  2034   1252677431.7760    0     -0.02 
  2035   1252677437.4080    0     -0.02 
  2036   1252677442.8040    0     -0.02 
  2037   1252677448.3200    0     -0.02 
  2038   1252677453.7840    0     -0.02 
  2039   1252677459.2200    0     -0.02 
  2040   1252677464.6280    0     -0.02 
  2041   1252677470.3080    0     -0.02 
  2042   1252677475.5560    0     -0.02 
  2043   1252677481.2120    0     -0.02 
  2044   1252677486.7280    0     -0.02 
  2045   1252677492.3720    0     -0.02 
  2046   1252677497.8680    0     -0.02 
  2047   1252677503.3960    0     -0.02 
  2048   1252677509.0600    0     -0.02 
  2049   1252677514.3400    0     -0.02 
  2050   1252677519.9760    0     -0.02 
  2051   1252677525.3120    0     -0.02 
  2052   1252677530.6400    0     -0.02 
  2053   1252677536.1920    0     -0.02 
  2054   1252677541.7400    0     -0.02 
  2055   1252677547.3680    0     -0.02 
  2056   1252677552.7040    0     -0.02 
  2057   1252677558.3560    0     -0.02 
  2058   1252677563.8840    0     -0.02 
  2059   1252677569.5920    0     -0.02 
  2060   1252677575.2960    0     -0.02 
  2061   1252677580.9680    0     -0.02 
  2062   1252677586.8480    0     -0.02 
  2063   1252677592.3880    0     -0.02 
  2064   1252677598.1000    0     -0.02 
  2065   1252677604.0760    0     -0.03 
  2066   1252677610.0440    0     -0.03 
  2067   1252677615.6280    0     -0.03 
  2068   1252677621.4640    0     -0.03 
  2069   1252677627.3720    0     -0.03 
  2070   1252677633.2000    0     -0.03 
  2071   1252677638.6960    0     -0.03 
  2072   1252677644.7440    0     -0.03 
  2073   1252677650.7320    0     -0.03 
  2074   1252677656.4880    0     -0.03 
  2075   1252677662.0600    0     -0.03 
  2076   1252677667.9680    0     -0.03 
  2077   1252677673.6200    0     -0.03 
  2078   1252677678.9400    0     -0.03 
  2079   1252677684.6120    0     -0.03 
  2080   1252677690.3880    0     -0.03 
  2081   1252677695.8920    0     -0.03 
  2082   1252677701.5120    0     -0.03 
  2083   1252677706.8880    0     -0.03 
  2084   1252677712.6440    0     -0.03 
  2085   1252677718.7600    0     -0.03 
  2086   1252677724.7280    0     -0.03 
  2087   1252677730.6280    0     -0.03 
  2088   1252677736.2840    0     -0.03 
  2089   1252677742.3480    0     -0.03 
  2090   1252677748.2560    0     -0.03 
  2091   1252677753.8240    0     -0.03 
  2092   1252677759.3680    0     -0.03 
  2093   1252677765.2920    0     -0.03 
  2094   1252677771.0720    0     -0.03 
  2095   1252677776.7080    0     -0.03 
  2096   1252677782.4040    0     -0.03 
  2097   1252677788.0280    0     -0.03 
  2098   1252677793.6160    0     -0.03 
  2099   1252677799.1160    0     -0.03 
  2100   1252677804.7400    0     -0.03 
  2101   1252677810.4080    0     -0.03 
  2102   1252677815.6480    0     -0.03 
  2103   1252677821.4640    0     -0.03 
  2104   1252677826.9520    0     -0.03 
  2105   1252677832.7680    0     -0.03 
  2106   1252677838.5960    0     -0.03 
  2107   1252677844.4080    0     -0.03 
  2108   1252677850.2800    0     -0.03 
  2109   1252677856.1240    0     -0.03 
  2110   1252677861.8720    0     -0.03 
  2111   1252677867.7120    0     -0.03 
  2112   1252677873.1480    0     -0.03 
  2113   1252677878.7680    0     -0.03 
  2114   1252677884.4840    0     -0.03 
  2115   1252677890.2520    0     -0.03 
  2116   1252677895.6560    0     -0.03 
  2117   1252677901.2000    0     -0.03 
  2118   1252677906.7760    0     -0.03 
  2119   1252677912.2240    0     -0.03 
  2120   1252677917.6280    0     -0.03 
  2121   1252677923.3760    0     -0.03 
  2122   1252677928.9320    0     -0.03 
  2123   1252677934.5720    0     -0.03 
  2124   1252677939.9200    0     -0.03 
  2125   1252677945.6800    0     -0.03 
  2126   1252677951.2240    0     -0.03 
  2127   1252677956.6640    0     -0.03 
  2128   1252677962.0080    0     -0.03 
  2129   1252677967.5960    0     -0.03 
  2130   1252677972.8800    0     -0.03 
  2131   1252677978.3760    0     -0.03 
  2132   1252677983.9080    0     -0.03 
  2133   1252677989.4400    0     -0.03 
  2134   1252677995.0040    0     -0.03 
  2135   1252678000.7680    0     -0.03 
  2136   1252678005.9560    0     -0.03 
  2137   1252678011.5680    0     -0.03 
  2138   1252678017.2320    0     -0.03 
  2139   1252678022.4920    0     -0.03 
  2140   1252678027.9000    0     -0.03 
  2141   1252678033.5000    0     -0.03 
  2142   1252678039.1520    0     -0.03 
  2143   1252678044.6800    0     -0.03 
  2144   1252678050.5600    0     -0.03 
  2145   1252678055.7520    0     -0.03 
  2146   1252678061.3360    0     -0.03 
  2147   1252678066.7240    0     -0.03 
  2148   1252678072.3400    0     -0.03 
  2149   1252678077.6440    0     -0.03 
  2150   1252678083.1120    0     -0.03 
  2151   1252678088.5960    0     -0.03 
  2152   1252678094.3240    0     -0.03 
  2153   1252678099.8880    0     -0.03 
  2154   1252678105.5480    0     -0.03 
  2155   1252678110.8560    0     -0.03 
  2156   1252678116.3280    0     -0.03 
  2157   1252678122.1080    0     -0.03 
  2158   1252678127.6920    0     -0.03 
  2159   1252678133.1760    0     -0.03 
  2160   1252678138.8400    0     -0.03 
  2161   1252678144.8200    0     -0.03 
  2162   1252678150.0040    0     -0.03 
  2163   1252678155.5840    0     -0.03 
  2164   1252678161.2280    0     -0.03 
  2165   1252678166.9440    0     -0.03 
  2166   1252678172.7000    0     -0.03 
  2167   1252678178.1640    0     -0.03 
  2168   1252678184.0640    0     -0.03 
  2169   1252678189.8480    0     -0.03 
  2170   1252678195.3320    0     -0.03 
  2171   1252678200.8680    0     0.02 
  2172   1252678206.5800    0     0.02 
  2173   1252678212.0640    0     0.02 
  2174   1252678217.7200    0     0.02 
  2175   1252678223.3360    0     0.02 
  2176   1252678228.7880    0     0.02 
  2177   1252678234.4520    0     0.02 
  2178   1252678239.9160    0     0.02 
  2179   1252678245.4240    0     0.02 
  2180   1252678250.8080    0     0.02 
  2181   1252678256.4720    0     0.02 
  2182   1252678261.8400    0     0.02 
  2183   1252678267.4720    0     0.02 
  2184   1252678273.0520    0     0.02 
  2185   1252678278.4120    0     0.02 
  2186   1252678284.0560    0     0.02 
  2187   1252678289.8360    0     0.02 
  2188   1252678295.6120    0     0.02 
  2189   1252678300.9160    0     0.02 
  2190   1252678306.7520    0     0.02 
  2191   1252678312.3280    0     0.02 
  2192   1252678317.9160    0     0.02 
  2193   1252678323.3920    0     0.02 
  2194   1252678329.0280    0     0.02 
  2195   1252678334.6320    0     0.02 
  2196   1252678339.7800    0     0.02 
  2197   1252678345.5080    0     0.02 
  2198   1252678351.2160    0     0.02 
  2199   1252678356.6240    0     0.02 
  2200   1252678362.1560    0     0.02 
  2201   1252678367.6280    0     0.02 
  2202   1252678373.3880    0     0.02 
  2203   1252678378.7480    0     0.02 
  2204   1252678384.3960    0     0.02 
  2205   1252678390.0120    0     0.02 
  2206   1252678395.7240    0     0.02 
  2207   1252678401.2560    0     0.02 
  2208   1252678406.6520    0     0.02 
  2209   1252678412.5800    0     0.02 
  2210   1252678418.2640    0     0.02 
  2211   1252678424.0680    0     0.02 
  2212   1252678430.0640    0     0.02 
  2213   1252678435.5560    0     0.02 
  2214   1252678441.2600    0     0.02 
  2215   1252678446.7240    0     0.02 
  2216   1252678452.3920    0     0.02 
  2217   1252678457.6360    0     0.02 
  2218   1252678463.4080    0     0.02 
  2219   1252678469.1800    0     0.02 
  2220   1252678474.8080    0     0.02 
  2221   1252678480.4160    0     0.02 
  2222   1252678486.0200    0     0.02 
  2223   1252678491.7800    0     0.02 
  2224   1252678497.2040    0     0.02 
  2225   1252678502.7840    0     0.02 
  2226   1252678508.0200    0     0.02 
  2227   1252678513.9440    0     0.02 
  2228   1252678519.3760    0     0.02 
  2229   1252678524.9280    0     0.02 
  2230   1252678530.5360    0     0.02 
  2231   1252678535.8320    0     0.02 
  2232   1252678541.4800    0     0.02 
  2233   1252678547.1240    0     0.02 
  2234   1252678552.6800    0     0.02 
  2235   1252678557.9280    0     0.02 
  2236   1252678563.6280    0     0.02 
  2237   1252678568.9000    0     0.02 
  2238   1252678574.5360    0     0.02 
  2239   1252678579.8560    0     0.02 
  2240   1252678585.4800    0     0.02 
  2241   1252678590.7560    0     0.02 
  2242   1252678596.4440    0     0.02 
  2243   1252678601.4960    0     0.02 
  2244   1252678607.2320    0     0.02 
  2245   1252678612.5480    0     0.02 
  2246   1252678617.8800    0     0.02 
  2247   1252678623.4520    0     0.02 
  2248   1252678629.1840    0     0.02 
  2249   1252678634.8560    0     0.02 
  2250   1252678640.5120    0     0.02 
  2251   1252678646.2800    0     0.02 
  2252   1252678651.8240    0     0.02 
  2253   1252678657.3000    0     0.02 
  2254   1252678662.9920    0     0.02 
  2255   1252678668.5720    0     0.02 
  2256   1252678673.9800    0     0.02 
  2257   1252678679.5600    0     0.02 
  2258   1252678685.1200    0     0.02 
  2259   1252678690.9840    0     0.02 
  2260   1252678696.8120    0     0.02 
  2261   1252678702.1680    0     0.02 
  2262   1252678707.6920    0     0.02 
  2263   1252678713.4320    0     0.02 
  2264   1252678719.2000    0     0.02 
  2265   1252678724.9800    0     0.02 
  2266   1252678730.5040    0     0.02 
  2267   1252678736.2880    0     0.02 
  2268   1252678741.7960    0     0.02 
  2269   1252678747.0640    0     0.02 
  2270   1252678752.5360    0     0.02 
  2271   1252678758.2120    0     0.02 
  2272   1252678763.6160    0     0.02 
  2273   1252678768.9400    0     0.02 
  2274   1252678774.5280    0     0.02 
  2275   1252678779.9880    0     0.02 
  2276   1252678785.2640    0     0.02 
  2277   1252678790.8000    0     0.02 
  2278   1252678796.3200    0     0.02 
  2279   1252678802.0040    0     0.03 
  2280   1252678807.2320    0     0.03 
  2281   1252678812.6680    0     0.03 
  2282   1252678818.1760    0     0.03 
  2283   1252678824.1120    0     0.03 
  2284   1252678829.6200    0     0.03 
  2285   1252678835.2240    0     0.03 
  2286   1252678840.9080    0     0.03 
  2287   1252678846.4480    0     0.03 
  2288   1252678851.9320    0     0.03 
  2289   1252678857.4520    0     0.03 
  2290   1252678863.1040    0     0.03 
  2291   1252678868.4680    0     0.03 
  2292   1252678874.2280    0     0.03 
  2293   1252678880.0960    0     0.03 
  2294   1252678885.3720    0     0.03 
  2295   1252678891.0640    0     0.03 
  2296   1252678896.4560    0     0.03 
  2297   1252678902.2000    0     0.03 
  2298   1252678908.0280    0     0.03 
  2299   1252678913.4360    0     0.03 
  2300   1252678918.8760    0     0.03 
  2301   1252678924.5240    0     0.03 
  2302   1252678930.2000    0     0.03 
  2303   1252678935.7240    0     0.03 
  2304   1252678941.2320    0     0.03 
  2305   1252678947.1000    0     0.03 
  2306   1252678952.3440    0     0.03 
  2307   1252678958.0240    0     0.03 
  2308   1252678963.6040    0     0.03 
  2309   1252678969.3440    0     0.03 
  2310   1252678974.6720    0     0.03 
  2311   1252678980.6120    0     0.03 
  2312   1252678986.7360    0     0.03 
  2313   1252678992.3200    0     0.03 
  2314   1252678997.7840    0     0.03 
  2315   1252679003.5400    0     0.03 
  2316   1252679009.0720    0     0.03 
  2317   1252679014.5200    0     0.03 
  2318   1252679019.9600    0     0.03 
  2319   1252679025.5520    0     0.03 
  2320   1252679030.9760    0     0.03 
  2321   1252679036.2960    0     0.03 
  2322   1252679041.9280    0     0.03 
  2323   1252679047.4360    0     0.03 
  2324   1252679052.9800    0     0.03 
  2325   1252679058.3280    0     0.03 
  2326   1252679063.8120    0     0.03 
  2327   1252679069.2560    0     0.03 
  2328   1252679074.7640    0     0.03 
  2329   1252679080.2080    0     0.03 
  2330   1252679085.6080    0     0.03 
  2331   1252679091.0920    0     0.03 
  2332   1252679096.7800    0     0.03 
  2333   1252679102.0840    0     0.03 
  2334   1252679107.7480    0     0.03 
  2335   1252679113.2640    0     0.03 
  2336   1252679118.5520    0     0.03 
  2337   1252679124.2600    0     0.03 
  2338   1252679129.6440    0     0.03 
  2339   1252679135.0720    0     0.03 
  2340   1252679140.5880    0     0.03 
  2341   1252679146.0680    0     0.03 
  2342   1252679151.7120    0     0.03 
  2343   1252679157.2800    0     0.03 
  2344   1252679162.7240    0     0.03 
  2345   1252679168.3960    0     0.03 
  2346   1252679174.0320    0     0.03 
  2347   1252679179.7160    0     0.03 
  2348   1252679185.3680    0     0.03 
  2349   1252679190.8640    0     0.03 
  2350   1252679196.0920    0     0.03 
  2351   1252679201.8080    0     0.03 
  2352   1252679207.4400    0     0.03 
  2353   1252679212.8880    0     0.03 
  2354   1252679218.2760    0     0.03 
  2355   1252679223.9200    0     0.03 
  2356   1252679229.5680    0     0.03 
  2357   1252679234.8440    0     0.03 
  2358   1252679240.5480    0     0.03 
  2359   1252679246.0240    0     0.03 
  2360   1252679251.4920    0     0.03 
  2361   1252679256.9320    0     0.03 
  2362   1252679262.5080    0     0.03 
  2363   1252679268.1400    0     0.03 
  2364   1252679273.2960    0     0.03 
  2365   1252679278.9000    0     0.03 
  2366   1252679284.2600    0     0.03 
  2367   1252679289.5080    0     0.03 
  2368   1252679295.1280    0     0.03 
  2369   1252679300.7800    0     0.03 
  2370   1252679306.2440    0     0.03 
  2371   1252679311.7400    0     0.03 
  2372   1252679317.5120    0     0.03 
  2373   1252679323.0920    0     0.03 
  2374   1252679328.7200    0     0.03 
  2375   1252679334.0800    0     0.03 
  2376   1252679339.7120    0     0.03 
  2377   1252679345.3760    0     0.03 
  2378   1252679351.1640    0     0.03 
  2379   1252679356.3640    0     0.03 
  2380   1252679362.2440    0     0.03 
  2381   1252679367.8520    0     0.03 
  2382   1252679373.4720    0     0.03 
  2383   1252679379.0680    0     0.03 
  2384   1252679384.7040    0     0.03 
  2385   1252679390.1760    0     0.03 
  2386   1252679395.5440    0     0.03 
  2387   1252679401.1240    0     0.01 
  2388   1252679406.3640    0     0.01 
  2389   1252679412.0680    0     0.01 
  2390   1252679417.5800    0     0.01 
  2391   1252679423.2160    0     0.01 
  2392   1252679428.5640    0     0.01 
  2393   1252679434.4200    0     0.01 
  2394   1252679440.0600    0     0.01 
  2395   1252679445.8280    0     0.01 
  2396   1252679451.4760    0     0.01 
  2397   1252679457.1160    0     0.01 
  2398   1252679462.7200    0     0.01 
  2399   1252679467.8800    0     0.01 
  2400   1252679473.8920    0     0.01 
  2401   1252679479.0400    0     0.01 
  2402   1252679484.7760    0     0.01 
  2403   1252679490.5960    0     0.01 
  2404   1252679496.1240    0     0.01 
  2405   1252679501.5720    0     0.01 
  2406   1252679507.2240    0     0.01 
  2407   1252679513.1880    0     0.01 
  2408   1252679518.7760    0     0.01 
  2409   1252679524.0920    0     0.01 
  2410   1252679530.1080    0     0.01 
  2411   1252679535.6160    0     0.01 
  2412   1252679541.1320    0     0.01 
  2413   1252679546.8000    0     0.01 
  2414   1252679552.4360    0     0.01 
  2415   1252679558.0000    0     0.01 
  2416   1252679563.9160    0     0.01 
  2417   1252679569.3560    0     0.01 
  2418   1252679574.9520    0     0.01 
  2419   1252679580.3600    0     0.01 
  2420   1252679586.1400    0     0.01 
  2421   1252679591.8640    0     0.01 
  2422   1252679597.4280    0     0.01 
  2423   1252679603.1360    0     0.01 
  2424   1252679608.8720    0     0.01 
  2425   1252679614.3600    0     0.01 
  2426   1252679619.9160    0     0.01 
  2427   1252679625.5080    0     0.01 
  2428   1252679631.1200    0     0.01 
  2429   1252679636.8440    0     0.01 
  2430   1252679642.4840    0     0.01 
  2431   1252679648.2080    0     0.01 
  2432   1252679654.0600    0     0.01 
  2433   1252679659.6080    0     0.01 
  2434   1252679665.2280    0     0.01 
  2435   1252679670.9160    0     0.01 
  2436   1252679676.4400    0     0.01 
  2437   1252679681.9720    0     0.01 
  2438   1252679687.5960    0     0.01 
  2439   1252679693.3000    0     0.01 
  2440   1252679699.2720    0     0.01 
  2441   1252679704.8120    0     0.01 
  2442   1252679710.5800    0     0.01 
  2443   1252679716.2640    0     0.01 
  2444   1252679721.6600    0     0.01 
  2445   1252679727.4040    0     0.01 
  2446   1252679733.0920    0     0.01 
  2447   1252679738.7600    0     0.01 
  2448   1252679744.4480    0     0.01 
  2449   1252679750.1160    0     0.01 
  2450   1252679755.6080    0     0.01 
  2451   1252679761.1760    0     0.01 
  2452   1252679766.6120    0     0.01 
  2453   1252679772.3120    0     0.01 
  2454   1252679777.8480    0     0.01 
  2455   1252679783.4520    0     0.01 
  2456   1252679788.9600    0     0.01 
  2457   1252679794.7040    0     0.01 
  2458   1252679800.0880    0     0.01 
  2459   1252679805.3800    0     0.01 
  2460   1252679811.0720    0     0.01 
  2461   1252679816.5480    0     0.01 
  2462   1252679822.0040    0     0.01 
  2463   1252679827.5920    0     0.01 
  2464   1252679833.2160    0     0.01 
  2465   1252679838.8840    0     0.01 
  2466   1252679844.3720    0     0.01 
  2467   1252679849.9640    0     0.01 
  2468   1252679855.3480    0     0.01 
  2469   1252679861.0680    0     0.01 
  2470   1252679866.3720    0     0.01 
  2471   1252679871.9120    0     0.01 
  2472   1252679877.4720    0     0.01 
  2473   1252679883.1200    0     0.01 
  2474   1252679888.6280    0     0.01 
  2475   1252679894.2000    0     0.01 
  2476   1252679899.9840    0     0.01 
  2477   1252679905.3640    0     0.01 
  2478   1252679910.9360    0     0.01 
  2479   1252679916.5440    0     0.01 
  2480   1252679922.3040    0     0.01 
  2481   1252679927.8000    0     0.01 
  2482   1252679933.0840    0     0.01 
  2483   1252679938.7120    0     0.01 
  2484   1252679944.1400    0     0.01 
  2485   1252679949.5600    0     0.01 
  2486   1252679954.8520    0     0.01 
  2487   1252679960.3240    0     0.01 
  2488   1252679965.8480    0     0.01 
  2489   1252679971.4200    0     0.01 
  2490   1252679976.7240    0     0.01 
  2491   1252679982.3840    0     0.01 
  2492   1252679987.8640    0     0.01 
  2493   1252679993.3920    0     0.01 
  2494   1252679999.0080    0     0.01 
  2495   1252680004.6360    0     -0.02 
  2496   1252680010.0160    0     -0.02 
  2497   1252680015.4160    0     -0.02 
  2498   1252680020.9400    0     -0.02 
  2499   1252680026.5000    0     -0.02 
  2500   1252680031.9640    0     -0.02 
  2501   1252680037.6920    0     -0.02 
  2502   1252680043.2240    0     -0.02 
  2503   1252680048.9040    0     -0.02 
  2504   1252680054.5080    0     -0.02 
  2505   1252680060.2960    0     -0.02 
  2506   1252680065.8080    0     -0.02 
  2507   1252680071.4600    0     -0.02 
  2508   1252680077.0240    0     -0.02 
  2509   1252680082.6560    0     -0.02 
  2510   1252680088.4280    0     -0.02 
  2511   1252680094.0520    0     -0.02 
  2512   1252680099.8760    0     -0.02 
  2513   1252680105.1480    0     -0.02 
  2514   1252680111.3960    0     -0.02 
  2515   1252680117.0160    0     -0.02 
  2516   1252680122.7880    0     -0.02 
  2517   1252680128.4840    0     -0.02 
  2518   1252680134.2840    0     -0.02 
  2519   1252680140.0680    0     -0.02 
  2520   1252680145.7560    0     -0.02 
  2521   1252680151.5640    0     -0.02 
  2522   1252680157.2480    0     -0.02 
  2523   1252680162.5280    0     -0.02 
  2524   1252680168.1160    0     -0.02 
  2525   1252680173.9640    0     -0.02 
  2526   1252680179.4760    0     -0.02 
  2527   1252680184.9560    0     -0.02 
  2528   1252680190.5400    0     -0.02 
  2529   1252680196.0320    0     -0.02 
  2530   1252680201.4840    0     -0.02 
  2531   1252680207.0360    0     -0.02 
  2532   1252680212.5520    0     -0.02 
  2533   1252680217.9200    0     -0.02 
  2534   1252680223.5520    0     -0.02 
  2535   1252680229.2600    0     -0.02 
  2536   1252680234.9720    0     -0.02 
  2537   1252680240.4880    0     -0.02 
  2538   1252680245.9440    0     -0.02 
  2539   1252680251.3960    0     -0.02 
  2540   1252680256.7120    0     -0.02 
  2541   1252680262.3040    0     -0.02 
  2542   1252680267.6400    0     -0.02 
  2543   1252680273.1320    0     -0.02 
  2544   1252680278.3560    0     -0.02 
  2545   1252680283.9160    0     -0.02 
  2546   1252680289.5200    0     -0.02 
  2547   1252680295.0320    0     -0.02 
  2548   1252680300.3800    0     -0.02 
  2549   1252680305.8760    0     -0.02 
  2550   1252680311.3320    0     -0.02 
  2551   1252680316.8280    0     -0.02 
  2552   1252680322.5080    0     -0.02 
  2553   1252680328.2360    0     -0.02 
  2554   1252680333.8720    0     -0.02 
  2555   1252680339.4520    0     -0.02 
  2556   1252680345.4200    0     -0.02 
  2557   1252680350.8880    0     -0.02 
  2558   1252680356.5360    0     -0.02 
  2559   1252680362.2560    0     -0.02 
  2560   1252680368.1880    0     -0.02 
  2561   1252680373.8080    0     -0.02 
  2562   1252680379.3600    0     -0.02 
  2563   1252680385.2920    0     -0.02 
  2564   1252680390.6800    0     -0.02 
  2565   1252680396.3680    0     -0.02 
  2566   1252680401.7280    0     -0.02 
  2567   1252680407.3240    0     -0.02 
  2568   1252680412.9280    0     -0.02 
  2569   1252680418.7040    0     -0.02 
  2570   1252680424.2160    0     -0.02 
  2571   1252680430.0600    0     -0.02 
  2572   1252680435.5040    0     -0.02 
  2573   1252680441.0640    0     -0.02 
  2574   1252680446.4920    0     -0.02 
  2575   1252680452.4040    0     -0.02 
  2576   1252680458.0800    0     -0.02 
  2577   1252680463.7680    0     -0.02 
  2578   1252680469.6360    0     -0.02 
  2579   1252680475.5720    0     -0.02 
  2580   1252680481.2280    0     -0.02 
  2581   1252680486.9760    0     -0.02 
  2582   1252680492.5280    0     -0.02 
  2583   1252680498.3520    0     -0.02 
  2584   1252680503.7440    0     -0.02 
  2585   1252680509.4400    0     -0.02 
  2586   1252680514.9840    0     -0.02 
  2587   1252680520.4440    0     -0.02 
  2588   1252680526.1840    0     -0.02 
  2589   1252680531.7320    0     -0.02 
  2590   1252680537.2200    0     -0.02 
  2591   1252680542.7840    0     -0.02 
  2592   1252680548.1200    0     -0.02 
  2593   1252680553.7400    0     -0.02 
  2594   1252680559.3000    0     -0.02 
  2595   1252680565.0160    0     -0.02 
  2596   1252680570.8800    0     -0.02 
  2597   1252680576.6480    0     -0.02 
  2598   1252680582.1760    0     -0.02 
  2599   1252680587.9720    0     -0.02 
  2600   1252680593.6560    0     -0.02 
  2601   1252680599.1320    0     -0.02 
  2602   1252680604.8160    0     -0.02 
  2603   1252680610.7600    0     -0.02 
  2604   1252680616.2840    0     -0.02 
  2605   1252680621.9960    0     -0.02 
  2606   1252680627.6840    0     -0.02 
  2607   1252680633.9360    0     -0.02 
  2608   1252680639.3720    0     -0.02 
  2609   1252680645.5000    0     -0.02 
  2610   1252680651.1600    0     -0.02 
  2611   1252680657.3840    0     -0.02 
  2612   1252680662.7640    0     -0.02 
  2613   1252680668.5280    0     -0.02 
  2614   1252680674.4040    0     -0.02 
  2615   1252680680.2760    0     -0.02 
  2616   1252680685.7920    0     -0.02 
  2617   1252680691.3400    0     -0.02 
  2618   1252680697.3880    0     -0.02 
  2619   1252680702.8800    0     -0.02 
  2620   1252680708.2920    0     -0.02 
  2621   1252680713.9400    0     -0.02 
  2622   1252680719.6520    0     -0.02 
  2623   1252680725.3800    0     -0.02 
  2624   1252680731.0840    0     -0.02 
  2625   1252680736.8280    0     -0.02 
  2626   1252680742.7920    0     -0.02 
  2627   1252680748.5040    0     -0.02 
  2628   1252680753.6360    0     -0.02 
  2629   1252680759.3920    0     -0.02 
  2630   1252680764.9960    0     -0.02 
  2631   1252680770.6240    0     -0.02 
  2632   1252680776.2240    0     -0.02 
  2633   1252680781.8240    0     -0.02 
  2634   1252680787.1360    0     -0.02 
  2635   1252680792.6160    0     -0.02 
  2636   1252680798.0720    0     -0.02 
  2637   1252680803.5200    0     -0.02 
  2638   1252680808.9280    0     -0.02 
  2639   1252680814.6120    0     -0.02 
  2640   1252680820.2040    0     -0.02 
  2641   1252680825.5720    0     -0.02 
  2642   1252680831.0800    0     -0.02 
  2643   1252680836.7320    0     -0.02 
  2644   1252680842.0880    0     -0.02 
  2645   1252680847.4400    0     -0.02 
  2646   1252680853.0080    0     -0.02 
  2647   1252680858.5880    0     -0.02 
  2648   1252680864.1680    0     -0.02 
  2649   1252680869.5360    0     -0.02 
  2650   1252680875.0680    0     -0.02 
  2651   1252680880.5280    0     -0.02 
  2652   1252680886.0440    0     -0.02 
  2653   1252680891.6440    0     -0.02 
  2654   1252680896.8680    0     -0.02 
  2655   1252680902.5480    0     -0.02 
  2656   1252680908.0560    0     -0.02 
  2657   1252680913.5520    0     -0.02 
  2658   1252680919.3680    0     -0.02 
  2659   1252680924.9400    0     -0.02 
  2660   1252680930.5000    0     -0.02 
  2661   1252680936.0160    0     -0.02 
  2662   1252680941.6360    0     -0.02 
  2663   1252680946.9840    0     -0.02 
  2664   1252680952.3400    0     -0.02 
  2665   1252680957.9840    0     -0.02 
  2666   1252680963.2680    0     -0.02 
  2667   1252680968.7840    0     -0.02 
  2668   1252680974.4720    0     -0.02 
  2669   1252680980.1560    0     -0.02 
  2670   1252680985.4880    0     -0.02 
  2671   1252680990.8800    0     -0.02 
  2672   1252680996.6880    0     -0.02 
  2673   1252681002.0440    0     -0.02 
  2674   1252681007.6320    0     -0.02 
  2675   1252681013.0560    0     -0.02 
  2676   1252681018.8160    0     -0.02 
  2677   1252681024.1880    0     -0.02 
  2678   1252681029.7800    0     -0.02 
  2679   1252681035.3400    0     -0.02 
  2680   1252681040.9360    0     -0.02 
  2681   1252681046.2040    0     -0.02 
  2682   1252681052.1120    0     -0.02 
  2683   1252681057.5840    0     -0.02 
  2684   1252681062.9880    0     -0.02 
  2685   1252681068.7760    0     -0.02 
  2686   1252681074.4440    0     -0.02 
  2687   1252681080.0160    0     -0.02 
  2688   1252681085.5320    0     -0.02 
  2689   1252681091.1840    0     -0.02 
  2690   1252681096.8920    0     -0.02 
  2691   1252681102.5320    0     -0.02 
  2692   1252681108.0000    0     -0.02 
  2693   1252681113.5080    0     -0.02 
  2694   1252681119.3680    0     -0.02 
  2695   1252681124.6240    0     -0.02 
  2696   1252681130.3240    0     -0.02 
  2697   1252681135.8400    0     -0.02 
  2698   1252681141.4680    0     -0.02 
  2699   1252681147.0240    0     -0.02 
  2700   1252681152.5040    0     -0.02 
  2701   1252681157.9480    0     -0.02 
  2702   1252681163.9560    0     -0.02 
  2703   1252681169.7440    0     -0.02 
  2704   1252681175.2680    0     -0.02 
  2705   1252681180.9200    0     -0.02 
  2706   1252681186.9760    0     -0.02 
  2707   1252681192.4760    0     -0.02 
  2708   1252681197.7840    0     -0.02 
  2709   1252681204.0440    0     0.00 
  2710   1252681209.3000    0     0.00 
  2711   1252681215.0240    0     0.00 
  2712   1252681220.4320    0     0.00 
  2713   1252681226.5720    0     0.00 
  2714   1252681232.1800    0     0.00 
  2715   1252681237.8560    0     0.00 
  2716   1252681243.5400    0     0.00 
  2717   1252681249.1520    0     0.00 
  2718   1252681254.6480    0     0.00 
  2719   1252681260.4200    0     0.00 
  2720   1252681266.1680    0     0.00 
  2721   1252681271.7600    0     0.00 
  2722   1252681277.2360    0     0.00 
  2723   1252681283.0040    0     0.00 
  2724   1252681288.4560    0     0.00 
  2725   1252681294.1480    0     0.00 
  2726   1252681299.5960    0     0.00 
  2727   1252681305.2200    0     0.00 
  2728   1252681310.9240    0     0.00 
  2729   1252681316.7120    0     0.00 
  2730   1252681322.4080    0     0.00 
  2731   1252681327.9280    0     0.00 
  2732   1252681333.7240    0     0.00 
  2733   1252681339.4080    0     0.00 
  2734   1252681344.8000    0     0.00 
  2735   1252681350.3800    0     0.00 
  2736   1252681355.9880    0     0.00 
  2737   1252681361.5400    0     0.00 
  2738   1252681367.3040    0     0.00 
  2739   1252681373.2560    0     0.00 
  2740   1252681378.7680    0     0.00 
  2741   1252681383.9480    0     0.00 
  2742   1252681389.8600    0     0.00 
  2743   1252681395.7120    0     0.00 
  2744   1252681401.0280    0     0.00 
  2745   1252681406.5800    0     0.00 
  2746   1252681412.1680    0     0.00 
  2747   1252681417.8200    0     0.00 
  2748   1252681423.2240    0     0.00 
  2749   1252681428.8440    0     0.00 
  2750   1252681434.4760    0     0.00 
  2751   1252681439.8200    0     0.00 
  2752   1252681445.2840    0     0.00 
  2753   1252681450.8880    0     0.00 
  2754   1252681456.5480    0     0.00 
  2755   1252681461.7680    0     0.00 
  2756   1252681467.5920    0     0.00 
  2757   1252681473.2800    0     0.00 
  2758   1252681478.6440    0     0.00 
  2759   1252681484.1760    0     0.00 
  2760   1252681489.9400    0     0.00 
  2761   1252681495.6880    0     0.00 
  2762   1252681500.9240    0     0.00 
  2763   1252681506.5640    0     0.00 
  2764   1252681512.6120    0     0.00 
  2765   1252681518.4800    0     0.00 
  2766   1252681524.1920    0     0.00 
  2767   1252681529.9240    0     0.00 
  2768   1252681535.8160    0     0.00 
  2769   1252681541.3840    0     0.00 
  2770   1252681546.6960    0     0.00 
  2771   1252681552.4520    0     0.00 
  2772   1252681558.2280    0     0.00 
  2773   1252681563.8520    0     0.00 
  2774   1252681569.3800    0     0.00 
  2775   1252681575.0840    0     0.00 
  2776   1252681580.4080    0     0.00 
  2777   1252681585.9360    0     0.00 
  2778   1252681591.2480    0     0.00 
  2779   1252681596.8840    0     0.00 
  2780   1252681602.2760    0     0.00 
  2781   1252681607.8520    0     0.00 
  2782   1252681613.2760    0     0.00 
  2783   1252681619.0080    0     0.00 
  2784   1252681624.9000    0     0.00 
  2785   1252681630.4000    0     0.00 
  2786   1252681635.8400    0     0.00 
  2787   1252681641.6320    0     0.00 
  2788   1252681647.2080    0     0.00 
  2789   1252681652.8760    0     0.00 
  2790   1252681658.4200    0     0.00 
  2791   1252681664.3680    0     0.00 
  2792   1252681670.1840    0     0.00 
  2793   1252681675.5160    0     0.00 
  2794   1252681681.2880    0     0.00 
  2795   1252681686.9920    0     0.00 
  2796   1252681692.4400    0     0.00 
  2797   1252681697.8320    0     0.00 
  2798   1252681703.5920    0     0.00 
  2799   1252681709.3600    0     0.00 
  2800   1252681714.7720    0     0.00 
  2801   1252681720.7160    0     0.00 
  2802   1252681726.2000    0     0.00 
  2803   1252681732.1640    0     0.00 
  2804   1252681737.3800    0     0.00 
  2805   1252681743.1200    0     0.00 
  2806   1252681748.6200    0     0.00 
  2807   1252681754.5960    0     0.00 
  2808   1252681760.1600    0     0.00 
  2809   1252681765.6000    0     0.00 
  2810   1252681771.3840    0     0.00 
  2811   1252681776.9760    0     0.00 
  2812   1252681782.2240    0     0.00 
  2813   1252681787.8680    0     0.00 
  2814   1252681793.8520    0     0.00 
  2815   1252681799.4480    0     0.01 
  2816   1252681805.1600    0     0.02 
  2817   1252681810.6920    0     0.02 
  2818   1252681816.2960    0     0.02 
  2819   1252681821.9120    0     0.02 
  2820   1252681827.7000    0     0.02 
  2821   1252681833.3800    0     0.02 
  2822   1252681838.6880    0     0.02 
  2823   1252681844.2720    0     0.02 
  2824   1252681849.7800    0     0.02 
  2825   1252681855.1080    0     0.02 
  2826   1252681860.3080    0     0.02 
  2827   1252681865.8720    0     0.02 
  2828   1252681871.3880    0     0.02 
  2829   1252681876.8360    0     0.02 
  2830   1252681882.4560    0     0.02 
  2831   1252681888.6320    0     0.02 
  2832   1252681894.1920    0     0.02 
  2833   1252681900.1840    0     0.02 
  2834   1252681905.7120    0     0.02 
  2835   1252681911.3520    0     0.02 
  2836   1252681916.9040    0     0.02 
  2837   1252681922.9200    0     0.02 
  2838   1252681928.2880    0     0.02 
  2839   1252681933.9720    0     0.02 
  2840   1252681939.7160    0     0.02 
  2841   1252681945.4120    0     0.02 
  2842   1252681950.8960    0     0.02 
  2843   1252681956.1960    0     0.02 
  2844   1252681962.0040    0     0.02 
  2845   1252681967.5080    0     0.02 
  2846   1252681973.1760    0     0.02 
  2847   1252681978.6520    0     0.02 
  2848   1252681984.2960    0     0.02 
  2849   1252681989.7880    0     0.02 
  2850   1252681995.1440    0     0.02 
  2851   1252682000.7600    0     0.02 
  2852   1252682006.0800    0     0.02 
  2853   1252682011.7600    0     0.02 
  2854   1252682017.0080    0     0.02 
  2855   1252682022.7960    0     0.02 
  2856   1252682028.0680    0     0.02 
  2857   1252682033.6880    0     0.02 
  2858   1252682039.3200    0     0.02 
  2859   1252682044.8680    0     0.02 
  2860   1252682049.9600    0     0.02 
  2861   1252682055.7760    0     0.02 
  2862   1252682061.4880    0     0.02 
  2863   1252682067.1160    0     0.02 
  2864   1252682072.8000    0     0.02 
  2865   1252682078.3720    0     0.02 
  2866   1252682084.0640    0     0.02 
  2867   1252682089.5480    0     0.02 
  2868   1252682095.1360    0     0.02 
  2869   1252682100.7160    0     0.02 
  2870   1252682106.4480    0     0.02 
  2871   1252682112.1160    0     0.02 
  2872   1252682117.7120    0     0.02 
  2873   1252682123.2000    0     0.02 
  2874   1252682129.0520    0     0.02 
  2875   1252682134.7240    0     0.02 
  2876   1252682140.3800    0     0.02 
  2877   1252682146.0280    0     0.02 
  2878   1252682151.8960    0     0.02 
  2879   1252682157.4200    0     0.02 
  2880   1252682163.0480    0     0.02 
  2881   1252682168.7480    0     0.02 
  2882   1252682174.3040    0     0.02 
  2883   1252682180.0960    0     0.02 
  2884   1252682185.4000    0     0.02 
  2885   1252682191.3080    0     0.02 
  2886   1252682196.9440    0     0.02 
  2887   1252682202.3440    0     0.02 
  2888   1252682207.9320    0     0.02 
  2889   1252682213.4320    0     0.02 
  2890   1252682218.9360    0     0.02 
  2891   1252682224.4960    0     0.02 
  2892   1252682230.1280    0     0.02 
  2893   1252682235.6280    0     0.02 
  2894   1252682241.1760    0     0.02 
  2895   1252682246.6720    0     0.02 
  2896   1252682252.2280    0     0.02 
  2897   1252682257.9640    0     0.02 
  2898   1252682263.6000    0     0.02 
  2899   1252682269.0320    0     0.02 
  2900   1252682274.6640    0     0.02 
  2901   1252682279.9720    0     0.02 
  2902   1252682285.6600    0     0.02 
  2903   1252682291.1040    0     0.02 
  2904   1252682296.6480    0     0.02 
  2905   1252682302.1360    0     0.02 
  2906   1252682307.5760    0     0.02 
  2907   1252682313.1400    0     0.02 
  2908   1252682318.6560    0     0.02 
  2909   1252682324.5240    0     0.02 
  2910   1252682330.1040    0     0.02 
  2911   1252682335.5600    0     0.02 
  2912   1252682341.1640    0     0.02 
  2913   1252682346.9240    0     0.02 
  2914   1252682352.2480    0     0.02 
  2915   1252682358.0040    0     0.02 
  2916   1252682363.4680    0     0.02 
  2917   1252682369.0000    0     0.02 
  2918   1252682374.5760    0     0.02 
  2919   1252682380.0280    0     0.02 
  2920   1252682385.6240    0     0.02 
  2921   1252682390.9920    0     0.02 
  2922   1252682396.4080    0     0.02 
  2923   1252682401.9520    0     0.06 
  2924   1252682407.5360    0     0.06 
  2925   1252682412.8560    0     0.06 
  2926   1252682418.6120    0     0.06 
  2927   1252682424.3800    0     0.06 
  2928   1252682429.8440    0     0.06 
  2929   1252682435.1240    0     0.06 
  2930   1252682440.7920    0     0.06 
  2931   1252682446.4000    0     0.06 
  2932   1252682451.9880    0     0.06 
  2933   1252682457.6480    0     0.06 
  2934   1252682463.1600    0     0.06 
  2935   1252682469.0200    0     0.06 
  2936   1252682474.4160    0     0.06 
  2937   1252682479.7880    0     0.06 
  2938   1252682485.2680    0     0.06 
  2939   1252682490.6480    0     0.06 
  2940   1252682496.0400    0     0.06 
  2941   1252682501.6920    0     0.06 
  2942   1252682507.3480    0     0.06 
  2943   1252682512.6800    0     0.06 
  2944   1252682518.1120    0     0.06 
  2945   1252682523.8240    0     0.06 
  2946   1252682529.4480    0     0.06 
  2947   1252682534.9160    0     0.06 
  2948   1252682540.3600    0     0.06 
  2949   1252682545.9920    0     0.06 
  2950   1252682551.5400    0     0.06 
  2951   1252682557.1080    0     0.06 
  2952   1252682562.8360    0     0.06 
  2953   1252682568.4480    0     0.06 
  2954   1252682573.9040    0     0.06 
  2955   1252682579.3120    0     0.06 
  2956   1252682585.1640    0     0.06 
  2957   1252682590.5160    0     0.06 
  2958   1252682596.0600    0     0.06 
  2959   1252682601.7640    0     0.06 
  2960   1252682607.4560    0     0.06 
  2961   1252682613.1120    0     0.06 
  2962   1252682618.4360    0     0.06 
  2963   1252682624.0680    0     0.06 
  2964   1252682629.4120    0     0.06 
  2965   1252682634.9720    0     0.06 
  2966   1252682640.6440    0     0.06 
  2967   1252682646.3760    0     0.06 
  2968   1252682651.7480    0     0.06 
  2969   1252682657.5720    0     0.06 
  2970   1252682663.1760    0     0.06 
  2971   1252682668.5440    0     0.06 
  2972   1252682673.9920    0     0.06 
  2973   1252682679.7160    0     0.06 
  2974   1252682685.2720    0     0.06 
  2975   1252682691.1000    0     0.06 
  2976   1252682696.8880    0     0.06 
  2977   1252682702.5560    0     0.06 
  2978   1252682708.2680    0     0.06 
  2979   1252682713.9800    0     0.06 
  2980   1252682719.4720    0     0.06 
  2981   1252682725.0000    0     0.06 
  2982   1252682730.5880    0     0.06 
  2983   1252682735.9920    0     0.06 
  2984   1252682741.5000    0     0.06 
  2985   1252682747.4040    0     0.06 
  2986   1252682752.9360    0     0.06 
  2987   1252682758.6240    0     0.06 
  2988   1252682764.1240    0     0.06 
  2989   1252682769.5560    0     0.06 
  2990   1252682775.1400    0     0.06 
  2991   1252682780.7640    0     0.06 
  2992   1252682786.1880    0     0.06 
  2993   1252682791.8240    0     0.06 
  2994   1252682797.7040    0     0.06 
  2995   1252682803.2000    0     0.06 
  2996   1252682808.8520    0     0.06 
  2997   1252682814.2440    0     0.06 
  2998   1252682820.1000    0     0.06 
  2999   1252682825.5320    0     0.06 
  3000   1252682830.9880    0     0.06 
  3001   1252682836.6160    0     0.06 
  3002   1252682842.2440    0     0.06 
  3003   1252682847.8680    0     0.06 
  3004   1252682853.9040    0     0.06 
  3005   1252682859.2760    0     0.06 
  3006   1252682864.7800    0     0.06 
  3007   1252682870.4120    0     0.06 
  3008   1252682876.0600    0     0.06 
  3009   1252682881.8080    0     0.06 
  3010   1252682887.4000    0     0.06 
  3011   1252682892.7960    0     0.06 
  3012   1252682898.9600    0     0.06 
  3013   1252682904.7000    0     0.06 
  3014   1252682910.4440    0     0.06 
  3015   1252682915.7960    0     0.06 
  3016   1252682921.7360    0     0.06 
  3017   1252682927.4320    0     0.06 
  3018   1252682932.9320    0     0.06 
  3019   1252682938.6480    0     0.06 
  3020   1252682944.1640    0     0.06 
  3021   1252682949.4680    0     0.06 
  3022   1252682955.1960    0     0.06 
  3023   1252682960.6200    0     0.06 
  3024   1252682966.4160    0     0.06 
  3025   1252682971.6680    0     0.06 
  3026   1252682977.4800    0     0.06 
  3027   1252682982.6880    0     0.06 
  3028   1252682988.3920    0     0.06 
  3029   1252682994.0560    0     0.06 
  3030   1252682999.6040    0     0.08 
  3031   1252683005.3240    0     0.09 
  3032   1252683010.8000    0     0.09 
  3033   1252683016.3200    0     0.09 
  3034   1252683021.7400    0     0.09 
  3035   1252683027.5320    0     0.09 
  3036   1252683032.8080    0     0.09 
  3037   1252683038.4480    0     0.09 
  3038   1252683043.6920    0     0.09 
  3039   1252683049.4240    0     0.09 
  3040   1252683054.9600    0     0.09 
  3041   1252683060.6120    0     0.09 
  3042   1252683066.2440    0     0.09 
  3043   1252683071.7160    0     0.09 
  3044   1252683077.1600    0     0.09 
  3045   1252683082.7400    0     0.09 
  3046   1252683088.1800    0     0.09 
  3047   1252683093.6200    0     0.09 
  3048   1252683099.1600    0     0.09 
  3049   1252683104.7960    0     0.09 
  3050   1252683110.2120    0     0.09 
  3051   1252683115.6920    0     0.09 
  3052   1252683121.0280    0     0.09 
  3053   1252683126.6920    0     0.09 
  3054   1252683131.8680    0     0.09 
  3055   1252683137.1240    0     0.09 
  3056   1252683142.6880    0     0.09 
  3057   1252683148.2960    0     0.09 
  3058   1252683153.8760    0     0.09 
  3059   1252683159.2720    0     0.09 
  3060   1252683164.8040    0     0.09 
  3061   1252683170.8000    0     0.09 
  3062   1252683176.3880    0     0.09 
  3063   1252683182.0920    0     0.09 
  3064   1252683187.6400    0     0.09 
  3065   1252683193.0640    0     0.09 
  3066   1252683198.8040    0     0.09 
  3067   1252683204.3840    0     0.09 
  3068   1252683209.9720    0     0.09 
  3069   1252683215.3760    0     0.09 
  3070   1252683220.9680    0     0.09 
  3071   1252683226.3320    0     0.09 
  3072   1252683232.0680    0     0.09 
  3073   1252683237.6000    0     0.09 
  3074   1252683243.0560    0     0.09 
  3075   1252683248.9000    0     0.09 
  3076   1252683254.5480    0     0.09 
  3077   1252683260.2360    0     0.09 
  3078   1252683265.9040    0     0.09 
  3079   1252683271.7160    0     0.09 
  3080   1252683277.0880    0     0.09 
  3081   1252683282.8880    0     0.09 
  3082   1252683288.8000    0     0.09 
  3083   1252683294.8560    0     0.09 
  3084   1252683300.5480    0     0.09 
  3085   1252683306.1360    0     0.09 
  3086   1252683312.0120    0     0.09 
  3087   1252683317.3520    0     0.09 
  3088   1252683323.0160    0     0.09 
  3089   1252683328.7680    0     0.09 
  3090   1252683334.5680    0     0.09 
  3091   1252683339.9640    0     0.09 
  3092   1252683345.5760    0     0.09 
  3093   1252683351.4560    0     0.09 
  3094   1252683357.1680    0     0.09 
  3095   1252683362.4320    0     0.09 
  3096   1252683368.1280    0     0.09 
  3097   1252683373.7120    0     0.09 
  3098   1252683379.4000    0     0.09 
  3099   1252683385.0200    0     0.09 
  3100   1252683390.8680    0     0.09 
  3101   1252683396.3440    0     0.09 
  3102   1252683401.6400    0     0.09 
  3103   1252683407.3760    0     0.09 
  3104   1252683412.7640    0     0.09 
  3105   1252683418.1360    0     0.09 
  3106   1252683423.7240    0     0.09 
  3107   1252683429.3000    0     0.09 
  3108   1252683434.6920    0     0.09 
  3109   1252683440.3840    0     0.09 
  3110   1252683445.7680    0     0.09 
  3111   1252683451.3360    0     0.09 
  3112   1252683456.6560    0     0.09 
  3113   1252683462.1440    0     0.09 
  3114   1252683467.9760    0     0.09 
  3115   1252683473.4520    0     0.09 
  3116   1252683478.7960    0     0.09 
  3117   1252683484.6120    0     0.09 
  3118   1252683490.4480    0     0.09 
  3119   1252683495.8000    0     0.09 
  3120   1252683501.6080    0     0.09 
  3121   1252683506.9080    0     0.09 
  3122   1252683512.4600    0     0.09 
  3123   1252683518.2040    0     0.09 
  3124   1252683524.0720    0     0.09 
  3125   1252683529.7960    0     0.09 
  3126   1252683535.2120    0     0.09 
  3127   1252683540.8880    0     0.09 
  3128   1252683546.5040    0     0.09 
  3129   1252683551.9800    0     0.09 
  3130   1252683557.3960    0     0.09 
  3131   1252683563.3040    0     0.09 
  3132   1252683568.7360    0     0.09 
  3133   1252683574.2360    0     0.09 
  3134   1252683579.7320    0     0.09 
  3135   1252683585.3160    0     0.09 
  3136   1252683590.7000    0     0.09 
  3137   1252683596.1120    0     0.09 
  3138   1252683601.7400    0     0.14 
  3139   1252683607.2520    0     0.14 
  3140   1252683612.5800    0     0.14 
  3141   1252683618.0880    0     0.14 
  3142   1252683623.8080    0     0.14 
  3143   1252683629.2200    0     0.14 
  3144   1252683634.6560    0     0.14 
  3145   1252683640.3760    0     0.14 
  3146   1252683645.7520    0     0.14 
  3147   1252683651.2760    0     0.14 
  3148   1252683656.7080    0     0.14 
  3149   1252683662.0720    0     0.14 
  3150   1252683667.9000    0     0.14 
  3151   1252683673.1200    0     0.14 
  3152   1252683678.6160    0     0.14 
  3153   1252683683.8440    0     0.14 
  3154   1252683689.4360    0     0.14 
  3155   1252683694.7120    0     0.14 
  3156   1252683700.2040    0     0.14 
  3157   1252683705.5640    0     0.14 
  3158   1252683711.1160    0     0.14 
  3159   1252683716.5960    0     0.14 
  3160   1252683722.0240    0     0.14 
  3161   1252683727.5440    0     0.14 
  3162   1252683733.1440    0     0.14 
  3163   1252683738.6840    0     0.14 
  3164   1252683743.8480    0     0.14 
  3165   1252683749.5880    0     0.14 
  3166   1252683755.2840    0     0.14 
  3167   1252683760.7480    0     0.14 
  3168   1252683766.2880    0     0.14 
  3169   1252683771.7040    0     0.14 
  3170   1252683777.3880    0     0.14 
  3171   1252683782.9720    0     0.14 
  3172   1252683788.3280    0     0.14 
  3173   1252683793.8680    0     0.14 
  3174   1252683799.5920    0     0.14 
  3175   1252683805.1880    0     0.14 
  3176   1252683810.7640    0     0.14 
  3177   1252683816.3520    0     0.14 
  3178   1252683822.1200    0     0.14 
  3179   1252683827.4760    0     0.14 
  3180   1252683833.1560    0     0.14 
  3181   1252683838.6400    0     0.14 
  3182   1252683844.0560    0     0.14 
  3183   1252683849.5760    0     0.14 
  3184   1252683855.0320    0     0.14 
  3185   1252683860.5880    0     0.14 
  3186   1252683866.2400    0     0.14 
  3187   1252683871.6760    0     0.14 
  3188   1252683877.3280    0     0.14 
  3189   1252683882.8920    0     0.14 
  3190   1252683888.9080    0     0.14 
  3191   1252683894.4720    0     0.14 
  3192   1252683899.8600    0     0.14 
  3193   1252683905.7560    0     0.14 
  3194   1252683911.5760    0     0.14 
  3195   1252683917.2200    0     0.14 
  3196   1252683922.5080    0     0.14 
  3197   1252683928.1320    0     0.14 
  3198   1252683933.6760    0     0.14 
  3199   1252683939.1520    0     0.14 
  3200   1252683944.9480    0     0.14 
  3201   1252683950.3360    0     0.14 
  3202   1252683956.0920    0     0.14 
  3203   1252683961.6080    0     0.14 
  3204   1252683967.1640    0     0.14 
  3205   1252683972.8360    0     0.14 
  3206   1252683978.3760    0     0.14 
  3207   1252683983.9560    0     0.14 
  3208   1252683989.5160    0     0.14 
  3209   1252683994.9120    0     0.14 
  3210   1252684000.5960    0     0.14 
  3211   1252684006.1400    0     0.14 
  3212   1252684011.3680    0     0.14 
  3213   1252684016.9920    0     0.14 
  3214   1252684022.8840    0     0.14 
  3215   1252684028.3600    0     0.14 
  3216   1252684033.7040    0     0.14 
  3217   1252684039.2560    0     0.14 
  3218   1252684044.9120    0     0.14 
  3219   1252684050.4760    0     0.14 
  3220   1252684055.8480    0     0.14 
  3221   1252684061.4080    0     0.14 
  3222   1252684067.0720    0     0.14 
  3223   1252684072.5960    0     0.14 
  3224   1252684077.7520    0     0.14 
  3225   1252684083.7320    0     0.14 
  3226   1252684089.6360    0     0.14 
  3227   1252684095.7640    0     0.14 
  3228   1252684101.5520    0     0.14 
  3229   1252684107.1640    0     0.14 
  3230   1252684113.1360    0     0.14 
  3231   1252684119.0120    0     0.14 
  3232   1252684124.6160    0     0.14 
  3233   1252684130.5560    0     0.14 
  3234   1252684136.2880    0     0.14 
  3235   1252684141.8960    0     0.14 
  3236   1252684147.4120    0     0.14 
  3237   1252684153.1840    0     0.14 
  3238   1252684158.8320    0     0.14 
  3239   1252684164.5040    0     0.14 
  3240   1252684169.9880    0     0.14 
  3241   1252684175.4280    0     0.14 
  3242   1252684181.2080    0     0.14 
  3243   1252684187.0480    0     0.14 
  3244   1252684192.6120    0     0.14 
  3245   1252684198.0960    0     0.14 
  3246   1252684203.4600    0     0.21 
  3247   1252684208.9720    0     0.21 
  3248   1252684214.3840    0     0.21 
  3249   1252684219.9240    0     0.21 
  3250   1252684225.1560    0     0.21 
  3251   1252684230.5880    0     0.21 
  3252   1252684236.2400    0     0.21 
  3253   1252684241.8680    0     0.21 
  3254   1252684247.3640    0     0.21 
  3255   1252684252.9840    0     0.21 
  3256   1252684258.7200    0     0.21 
  3257   1252684264.0760    0     0.21 
  3258   1252684269.8600    0     0.21 
  3259   1252684274.9960    0     0.21 
  3260   1252684280.6920    0     0.21 
  3261   1252684286.3200    0     0.21 
  3262   1252684291.8840    0     0.21 
  3263   1252684297.3640    0     0.21 
  3264   1252684303.2560    0     0.21 
  3265   1252684309.2360    0     0.21 
