# UltraTide data for line 1489R2051/nrt
#Shot    Time               status  ultraTide 
#Name: ACO.ULTRATIDE1
  2270   1252889560.9640    0     -0.15 
  2271   1252889566.4280    0     -0.15 
  2272   1252889572.1720    0     -0.15 
  2273   1252889577.7240    0     -0.15 
  2274   1252889583.1760    0     -0.15 
  2275   1252889588.8720    0     -0.15 
  2276   1252889594.2920    0     -0.15 
  2277   1252889599.7400    0     -0.15 
  2278   1252889605.4360    0     -0.15 
  2279   1252889611.1880    0     -0.15 
  2280   1252889616.8720    0     -0.15 
  2281   1252889622.5800    0     -0.15 
  2282   1252889628.0480    0     -0.15 
  2283   1252889633.4480    0     -0.15 
  2284   1252889639.1440    0     -0.15 
  2285   1252889645.0880    0     -0.15 
  2286   1252889651.0320    0     -0.15 
  2287   1252889656.8000    0     -0.15 
  2288   1252889662.5520    0     -0.15 
  2289   1252889668.1720    0     -0.15 
  2290   1252889673.7280    0     -0.15 
  2291   1252889679.3160    0     -0.15 
  2292   1252889684.9560    0     -0.15 
  2293   1252889690.5320    0     -0.15 
  2294   1252889696.0760    0     -0.15 
  2295   1252889701.6680    0     -0.15 
  2296   1252889707.1960    0     -0.15 
  2297   1252889712.8600    0     -0.15 
  2298   1252889718.4560    0     -0.15 
  2299   1252889723.9520    0     -0.15 
  2300   1252889729.6040    0     -0.15 
  2301   1252889735.4640    0     -0.15 
  2302   1252889740.9280    0     -0.15 
  2303   1252889746.3800    0     -0.15 
  2304   1252889752.1960    0     -0.15 
  2305   1252889757.9720    0     -0.15 
  2306   1252889763.3520    0     -0.15 
  2307   1252889769.5160    0     -0.15 
  2308   1252889775.7600    0     -0.15 
  2309   1252889781.4840    0     -0.15 
  2310   1252889787.1960    0     -0.15 
  2311   1252889793.0960    0     -0.15 
  2312   1252889799.1520    0     -0.15 
  2313   1252889805.0320    0     -0.15 
  2314   1252889810.5200    0     -0.15 
  2315   1252889816.1560    0     -0.15 
  2316   1252889822.0000    0     -0.15 
  2317   1252889827.8600    0     -0.15 
  2318   1252889833.5480    0     -0.15 
  2319   1252889839.1040    0     -0.15 
  2320   1252889844.6760    0     -0.15 
  2321   1252889850.1760    0     -0.15 
  2322   1252889855.6720    0     -0.15 
  2323   1252889861.1480    0     -0.15 
  2324   1252889866.6680    0     -0.15 
  2325   1252889872.1960    0     -0.15 
  2326   1252889877.7440    0     -0.15 
  2327   1252889883.1680    0     -0.15 
  2328   1252889888.5720    0     -0.15 
  2329   1252889894.1360    0     -0.15 
  2330   1252889899.6480    0     -0.15 
  2331   1252889905.2880    0     -0.15 
  2332   1252889910.9400    0     -0.15 
  2333   1252889916.4240    0     -0.15 
  2334   1252889921.8560    0     -0.15 
  2335   1252889927.5000    0     -0.15 
  2336   1252889933.0400    0     -0.15 
  2337   1252889938.7360    0     -0.15 
  2338   1252889944.3000    0     -0.15 
  2339   1252889949.9320    0     -0.15 
  2340   1252889955.3720    0     -0.15 
  2341   1252889961.2480    0     -0.15 
  2342   1252889967.0920    0     -0.15 
  2343   1252889972.7640    0     -0.15 
  2344   1252889978.5360    0     -0.15 
  2345   1252889984.2760    0     -0.15 
  2346   1252889989.7360    0     -0.15 
  2347   1252889995.4000    0     -0.15 
  2348   1252890000.8200    0     -0.16 
  2349   1252890006.2960    0     -0.16 
  2350   1252890011.9520    0     -0.16 
  2351   1252890017.3480    0     -0.16 
  2352   1252890022.8040    0     -0.16 
  2353   1252890028.4200    0     -0.16 
  2354   1252890033.8400    0     -0.16 
  2355   1252890039.4440    0     -0.16 
  2356   1252890044.9200    0     -0.16 
  2357   1252890050.2600    0     -0.16 
  2358   1252890055.8680    0     -0.16 
  2359   1252890061.5280    0     -0.16 
  2360   1252890067.0160    0     -0.16 
  2361   1252890072.5480    0     -0.16 
  2362   1252890078.0440    0     -0.16 
  2363   1252890083.6720    0     -0.16 
  2364   1252890089.2040    0     -0.16 
  2365   1252890094.6400    0     -0.16 
  2366   1252890100.2840    0     -0.16 
  2367   1252890106.0320    0     -0.16 
  2368   1252890111.6880    0     -0.16 
  2369   1252890117.3280    0     -0.16 
  2370   1252890122.9880    0     -0.16 
  2371   1252890128.8200    0     -0.16 
  2372   1252890134.3120    0     -0.16 
  2373   1252890139.7680    0     -0.16 
  2374   1252890145.3880    0     -0.16 
  2375   1252890151.0800    0     -0.16 
  2376   1252890156.5280    0     -0.16 
  2377   1252890162.0720    0     -0.16 
  2378   1252890167.6080    0     -0.16 
  2379   1252890173.2240    0     -0.16 
  2380   1252890178.6720    0     -0.16 
  2381   1252890184.1120    0     -0.16 
  2382   1252890189.7080    0     -0.16 
  2383   1252890195.1840    0     -0.16 
  2384   1252890200.7080    0     -0.16 
  2385   1252890206.1800    0     -0.16 
  2386   1252890211.9920    0     -0.16 
  2387   1252890218.0480    0     -0.16 
  2388   1252890223.9760    0     -0.16 
  2389   1252890229.4080    0     -0.16 
  2390   1252890235.1120    0     -0.16 
  2391   1252890240.9520    0     -0.16 
  2392   1252890246.3720    0     -0.16 
  2393   1252890252.1280    0     -0.16 
  2394   1252890258.3600    0     -0.16 
  2395   1252890264.3280    0     -0.16 
  2396   1252890269.9640    0     -0.16 
  2397   1252890275.8080    0     -0.16 
  2398   1252890281.7600    0     -0.16 
  2399   1252890287.3200    0     -0.16 
  2400   1252890292.9360    0     -0.16 
  2401   1252890298.5480    0     -0.16 
  2402   1252890304.0200    0     -0.16 
  2403   1252890309.6920    0     -0.16 
  2404   1252890315.5160    0     -0.16 
  2405   1252890321.0920    0     -0.16 
  2406   1252890326.6600    0     -0.16 
  2407   1252890332.4320    0     -0.16 
  2408   1252890338.1920    0     -0.16 
  2409   1252890343.7120    0     -0.16 
  2410   1252890349.4040    0     -0.16 
  2411   1252890355.3880    0     -0.16 
  2412   1252890360.9600    0     -0.16 
  2413   1252890366.4040    0     -0.16 
  2414   1252890372.1880    0     -0.16 
  2415   1252890377.9160    0     -0.16 
  2416   1252890383.6200    0     -0.16 
  2417   1252890389.2120    0     -0.16 
  2418   1252890394.8720    0     -0.16 
  2419   1252890400.3680    0     -0.16 
  2420   1252890405.9400    0     -0.16 
  2421   1252890411.4800    0     -0.16 
  2422   1252890416.9880    0     -0.16 
  2423   1252890422.5920    0     -0.16 
  2424   1252890428.1040    0     -0.16 
  2425   1252890433.7640    0     -0.16 
  2426   1252890439.6280    0     -0.16 
  2427   1252890445.3400    0     -0.16 
  2428   1252890450.8120    0     -0.16 
  2429   1252890456.4920    0     -0.16 
  2430   1252890462.4720    0     -0.16 
  2431   1252890468.1960    0     -0.16 
  2432   1252890473.7480    0     -0.16 
  2433   1252890479.5640    0     -0.16 
  2434   1252890485.2640    0     -0.16 
  2435   1252890490.8920    0     -0.16 
  2436   1252890496.5480    0     -0.16 
  2437   1252890502.1640    0     -0.16 
  2438   1252890507.9440    0     -0.16 
  2439   1252890513.7080    0     -0.16 
  2440   1252890519.3600    0     -0.16 
  2441   1252890524.8960    0     -0.16 
  2442   1252890530.5160    0     -0.16 
  2443   1252890536.0680    0     -0.16 
  2444   1252890541.7160    0     -0.16 
  2445   1252890547.3080    0     -0.16 
  2446   1252890553.1680    0     -0.16 
  2447   1252890558.9840    0     -0.16 
  2448   1252890564.3120    0     -0.16 
  2449   1252890569.9480    0     -0.16 
  2450   1252890575.8840    0     -0.16 
  2451   1252890581.3640    0     -0.16 
  2452   1252890586.8280    0     -0.16 
  2453   1252890592.6920    0     -0.16 
  2454   1252890598.4880    0     -0.16 
  2455   1252890603.8680    0     -0.14 
  2456   1252890609.8000    0     -0.14 
  2457   1252890615.8400    0     -0.14 
  2458   1252890621.5240    0     -0.14 
  2459   1252890627.0320    0     -0.14 
  2460   1252890632.8560    0     -0.14 
  2461   1252890638.8120    0     -0.14 
  2462   1252890644.8120    0     -0.14 
  2463   1252890650.7280    0     -0.14 
  2464   1252890656.5680    0     -0.14 
  2465   1252890662.3400    0     -0.14 
  2466   1252890667.9880    0     -0.14 
  2467   1252890673.6600    0     -0.14 
  2468   1252890679.2400    0     -0.14 
  2469   1252890684.8320    0     -0.14 
  2470   1252890690.5080    0     -0.14 
  2471   1252890696.0720    0     -0.14 
  2472   1252890701.5760    0     -0.14 
  2473   1252890707.1440    0     -0.14 
  2474   1252890712.6520    0     -0.14 
  2475   1252890718.4240    0     -0.14 
  2476   1252890724.2840    0     -0.14 
  2477   1252890729.8720    0     -0.14 
  2478   1252890735.5480    0     -0.14 
  2479   1252890741.2600    0     -0.14 
  2480   1252890747.1320    0     -0.14 
  2481   1252890753.1120    0     -0.14 
  2482   1252890758.8160    0     -0.14 
  2483   1252890764.6440    0     -0.14 
  2484   1252890770.2600    0     -0.14 
  2485   1252890775.9840    0     -0.14 
  2486   1252890781.6040    0     -0.14 
  2487   1252890787.1960    0     -0.14 
  2488   1252890792.6560    0     -0.14 
  2489   1252890798.0920    0     -0.14 
  2490   1252890803.9520    0     -0.14 
  2491   1252890809.7040    0     -0.14 
  2492   1252890815.1960    0     -0.14 
  2493   1252890820.9480    0     -0.14 
  2494   1252890826.8080    0     -0.14 
  2495   1252890832.3440    0     -0.14 
  2496   1252890837.9280    0     -0.14 
  2497   1252890843.6920    0     -0.14 
  2498   1252890849.3120    0     -0.14 
  2499   1252890854.8720    0     -0.14 
  2500   1252890860.7280    0     -0.14 
  2501   1252890866.4320    0     -0.14 
  2502   1252890872.0720    0     -0.14 
  2503   1252890877.8000    0     -0.14 
  2504   1252890883.6600    0     -0.14 
  2505   1252890889.0760    0     -0.14 
  2506   1252890894.5920    0     -0.14 
  2507   1252890900.5560    0     -0.14 
  2508   1252890906.4560    0     -0.14 
  2509   1252890912.0520    0     -0.14 
  2510   1252890917.7880    0     -0.14 
  2511   1252890923.6920    0     -0.14 
  2512   1252890929.3480    0     -0.14 
  2513   1252890934.7760    0     -0.14 
  2514   1252890940.5960    0     -0.14 
  2515   1252890946.8920    0     -0.14 
  2516   1252890952.9840    0     -0.14 
  2517   1252890958.7600    0     -0.14 
  2518   1252890964.6760    0     -0.14 
  2519   1252890970.5720    0     -0.14 
  2520   1252890976.2840    0     -0.14 
  2521   1252890981.8720    0     -0.14 
  2522   1252890987.3280    0     -0.14 
  2523   1252890992.9800    0     -0.14 
  2524   1252890998.4280    0     -0.14 
  2525   1252891003.9360    0     -0.14 
  2526   1252891009.3440    0     -0.14 
  2527   1252891014.8120    0     -0.14 
  2528   1252891020.4520    0     -0.14 
  2529   1252891025.7440    0     -0.14 
  2530   1252891031.3480    0     -0.14 
  2531   1252891037.1680    0     -0.14 
  2532   1252891042.4440    0     -0.14 
  2533   1252891048.0240    0     -0.14 
  2534   1252891053.9680    0     -0.14 
  2535   1252891059.5960    0     -0.14 
  2536   1252891065.1360    0     -0.14 
  2537   1252891070.7520    0     -0.14 
  2538   1252891076.2280    0     -0.14 
  2539   1252891081.7160    0     -0.14 
  2540   1252891087.2240    0     -0.14 
  2541   1252891092.6880    0     -0.14 
  2542   1252891098.1200    0     -0.14 
  2543   1252891103.6800    0     -0.14 
  2544   1252891109.2200    0     -0.14 
  2545   1252891114.6240    0     -0.14 
  2546   1252891120.1200    0     -0.14 
  2547   1252891125.6680    0     -0.14 
  2548   1252891131.2920    0     -0.14 
  2549   1252891136.9840    0     -0.14 
  2550   1252891142.5360    0     -0.14 
  2551   1252891148.1160    0     -0.14 
  2552   1252891153.6640    0     -0.14 
  2553   1252891159.1160    0     -0.14 
  2554   1252891164.7240    0     -0.14 
  2555   1252891170.2240    0     -0.14 
  2556   1252891175.6200    0     -0.14 
  2557   1252891181.2680    0     -0.14 
  2558   1252891186.8400    0     -0.14 
  2559   1252891192.3680    0     -0.14 
  2560   1252891197.9400    0     -0.14 
  2561   1252891203.3400    0     -0.16 
  2562   1252891208.7520    0     -0.16 
  2563   1252891214.2200    0     -0.16 
  2564   1252891219.8160    0     -0.16 
  2565   1252891225.4640    0     -0.16 
  2566   1252891231.3240    0     -0.16 
  2567   1252891237.2960    0     -0.16 
  2568   1252891243.1120    0     -0.16 
  2569   1252891248.6920    0     -0.16 
  2570   1252891254.5320    0     -0.16 
  2571   1252891260.2320    0     -0.16 
  2572   1252891265.7520    0     -0.16 
  2573   1252891271.4320    0     -0.16 
  2574   1252891277.3160    0     -0.16 
  2575   1252891283.1400    0     -0.16 
  2576   1252891288.7080    0     -0.16 
  2577   1252891294.5600    0     -0.16 
  2578   1252891300.2200    0     -0.16 
  2579   1252891305.7600    0     -0.16 
  2580   1252891311.4040    0     -0.16 
  2581   1252891317.1040    0     -0.16 
  2582   1252891323.0840    0     -0.16 
  2583   1252891328.7440    0     -0.16 
  2584   1252891334.2680    0     -0.16 
  2585   1252891339.9320    0     -0.16 
  2586   1252891345.6080    0     -0.16 
  2587   1252891351.4560    0     -0.16 
  2588   1252891357.2960    0     -0.16 
  2589   1252891362.8600    0     -0.16 
  2590   1252891368.5400    0     -0.16 
  2591   1252891374.4120    0     -0.16 
  2592   1252891379.8800    0     -0.16 
  2593   1252891385.5600    0     -0.16 
  2594   1252891391.3560    0     -0.16 
  2595   1252891396.8360    0     -0.16 
  2596   1252891402.5480    0     -0.16 
  2597   1252891408.4400    0     -0.16 
  2598   1252891413.8680    0     -0.16 
  2599   1252891419.5360    0     -0.16 
  2600   1252891425.3680    0     -0.16 
  2601   1252891430.7920    0     -0.16 
  2602   1252891436.5160    0     -0.16 
  2603   1252891442.5680    0     -0.16 
  2604   1252891448.4360    0     -0.16 
  2605   1252891454.1000    0     -0.16 
  2606   1252891459.8000    0     -0.16 
  2607   1252891465.7240    0     -0.16 
  2608   1252891471.5200    0     -0.16 
  2609   1252891477.0440    0     -0.16 
  2610   1252891482.6760    0     -0.16 
  2611   1252891488.4240    0     -0.16 
  2612   1252891494.1520    0     -0.16 
  2613   1252891499.8120    0     -0.16 
  2614   1252891505.4880    0     -0.16 
  2615   1252891511.0720    0     -0.16 
  2616   1252891516.5920    0     -0.16 
  2617   1252891522.6160    0     -0.16 
  2618   1252891528.6720    0     -0.16 
  2619   1252891534.5080    0     -0.16 
  2620   1252891540.3000    0     -0.16 
  2621   1252891546.3120    0     -0.16 
  2622   1252891552.3320    0     -0.16 
  2623   1252891558.1280    0     -0.16 
  2624   1252891563.8360    0     -0.16 
  2625   1252891569.4600    0     -0.16 
  2626   1252891575.1520    0     -0.16 
  2627   1252891580.9320    0     -0.16 
  2628   1252891586.5160    0     -0.16 
  2629   1252891592.2280    0     -0.16 
  2630   1252891597.8240    0     -0.16 
  2631   1252891603.4400    0     -0.16 
  2632   1252891609.2040    0     -0.16 
  2633   1252891614.8880    0     -0.16 
  2634   1252891620.5080    0     -0.16 
  2635   1252891626.1600    0     -0.16 
  2636   1252891631.7480    0     -0.16 
  2637   1252891637.3120    0     -0.16 
  2638   1252891642.9560    0     -0.16 
  2639   1252891648.5160    0     -0.16 
  2640   1252891653.9600    0     -0.16 
  2641   1252891659.3920    0     -0.16 
  2642   1252891664.8640    0     -0.16 
  2643   1252891670.3440    0     -0.16 
  2644   1252891675.8560    0     -0.16 
  2645   1252891681.5080    0     -0.16 
  2646   1252891687.0440    0     -0.16 
  2647   1252891692.4840    0     -0.16 
  2648   1252891698.0600    0     -0.16 
  2649   1252891703.8440    0     -0.16 
  2650   1252891709.5240    0     -0.16 
  2651   1252891715.1040    0     -0.16 
  2652   1252891720.6160    0     -0.16 
  2653   1252891726.2440    0     -0.16 
  2654   1252891732.0840    0     -0.16 
  2655   1252891737.9120    0     -0.16 
  2656   1252891743.6960    0     -0.16 
  2657   1252891749.5440    0     -0.16 
  2658   1252891755.3560    0     -0.16 
  2659   1252891760.9520    0     -0.16 
  2660   1252891766.6320    0     -0.16 
  2661   1252891772.3240    0     -0.16 
  2662   1252891777.9920    0     -0.16 
  2663   1252891783.6360    0     -0.16 
  2664   1252891789.2200    0     -0.16 
  2665   1252891795.0760    0     -0.16 
  2666   1252891800.8200    0     -0.13 
  2667   1252891806.2240    0     -0.13 
  2668   1252891811.8520    0     -0.13 
  2669   1252891817.4440    0     -0.13 
  2670   1252891823.0080    0     -0.13 
  2671   1252891828.6360    0     -0.13 
  2672   1252891834.3720    0     -0.13 
  2673   1252891839.9920    0     -0.13 
  2674   1252891845.4920    0     -0.13 
  2675   1252891851.0480    0     -0.13 
  2676   1252891856.6240    0     -0.13 
  2677   1252891862.1400    0     -0.13 
  2678   1252891867.6640    0     -0.13 
  2679   1252891873.3000    0     -0.13 
  2680   1252891878.8600    0     -0.13 
  2681   1252891884.3440    0     -0.13 
  2682   1252891889.9080    0     -0.13 
  2683   1252891895.4280    0     -0.13 
  2684   1252891900.9160    0     -0.13 
  2685   1252891906.4760    0     -0.13 
  2686   1252891912.0840    0     -0.13 
  2687   1252891917.7080    0     -0.13 
  2688   1252891923.3560    0     -0.13 
  2689   1252891928.9840    0     -0.13 
  2690   1252891934.4520    0     -0.13 
  2691   1252891939.9000    0     -0.13 
  2692   1252891945.5280    0     -0.13 
  2693   1252891951.0800    0     -0.13 
  2694   1252891956.6800    0     -0.13 
  2695   1252891962.3080    0     -0.13 
  2696   1252891967.9040    0     -0.13 
  2697   1252891973.3640    0     -0.13 
  2698   1252891979.0040    0     -0.13 
  2699   1252891984.6040    0     -0.13 
  2700   1252891990.4040    0     -0.13 
  2701   1252891996.0840    0     -0.13 
  2702   1252892001.5560    0     -0.13 
  2703   1252892007.0800    0     -0.13 
  2704   1252892012.8720    0     -0.13 
  2705   1252892018.4840    0     -0.13 
  2706   1252892024.0240    0     -0.13 
  2707   1252892029.7360    0     -0.13 
  2708   1252892035.4840    0     -0.13 
  2709   1252892041.0120    0     -0.13 
  2710   1252892046.5440    0     -0.13 
  2711   1252892052.2440    0     -0.13 
  2712   1252892058.0640    0     -0.13 
  2713   1252892063.6760    0     -0.13 
  2714   1252892069.2520    0     -0.13 
  2715   1252892075.0320    0     -0.13 
  2716   1252892080.8760    0     -0.13 
  2717   1252892086.6600    0     -0.13 
  2718   1252892092.2920    0     -0.13 
  2719   1252892097.8800    0     -0.13 
  2720   1252892103.6240    0     -0.13 
  2721   1252892109.3120    0     -0.13 
  2722   1252892114.8680    0     -0.13 
  2723   1252892120.5760    0     -0.13 
  2724   1252892126.1640    0     -0.13 
  2725   1252892131.7400    0     -0.13 
  2726   1252892137.3240    0     -0.13 
  2727   1252892142.8760    0     -0.13 
  2728   1252892148.4240    0     -0.13 
  2729   1252892153.9680    0     -0.13 
  2730   1252892159.4240    0     -0.13 
  2731   1252892164.9240    0     -0.13 
  2732   1252892170.4040    0     -0.13 
  2733   1252892175.9400    0     -0.13 
  2734   1252892181.1920    0     -0.13 
  2735   1252892186.7520    0     -0.13 
  2736   1252892192.4840    0     -0.13 
  2737   1252892198.2160    0     -0.13 
  2738   1252892203.8720    0     -0.13 
  2739   1252892209.3080    0     -0.13 
  2740   1252892214.8520    0     -0.13 
  2741   1252892220.4920    0     -0.13 
  2742   1252892226.2160    0     -0.13 
  2743   1252892231.7560    0     -0.13 
  2744   1252892237.3040    0     -0.13 
  2745   1252892242.7840    0     -0.13 
  2746   1252892248.4600    0     -0.13 
  2747   1252892253.9800    0     -0.13 
  2748   1252892259.3800    0     -0.13 
  2749   1252892265.0120    0     -0.13 
  2750   1252892270.6600    0     -0.13 
  2751   1252892276.2160    0     -0.13 
  2752   1252892281.8840    0     -0.13 
  2753   1252892287.3720    0     -0.13 
  2754   1252892292.9200    0     -0.13 
  2755   1252892298.8840    0     -0.13 
  2756   1252892304.5640    0     -0.13 
  2757   1252892310.0160    0     -0.13 
  2758   1252892316.0080    0     -0.13 
  2759   1252892322.0320    0     -0.13 
  2760   1252892327.6360    0     -0.13 
  2761   1252892333.2080    0     -0.13 
  2762   1252892339.2040    0     -0.13 
  2763   1252892344.9280    0     -0.13 
  2764   1252892350.5680    0     -0.13 
  2765   1252892356.4240    0     -0.13 
  2766   1252892362.4280    0     -0.13 
  2767   1252892368.1880    0     -0.13 
  2768   1252892373.8080    0     -0.13 
  2769   1252892379.5760    0     -0.13 
  2770   1252892385.4720    0     -0.13 
  2771   1252892391.1280    0     -0.13 
  2772   1252892396.7680    0     -0.13 
  2773   1252892402.5440    0     -0.14 
  2774   1252892408.1720    0     -0.14 
  2775   1252892413.8000    0     -0.14 
  2776   1252892419.3080    0     -0.14 
  2777   1252892424.8960    0     -0.14 
  2778   1252892430.4960    0     -0.14 
  2779   1252892436.0600    0     -0.14 
  2780   1252892441.8000    0     -0.14 
  2781   1252892447.2360    0     -0.14 
  2782   1252892452.7200    0     -0.14 
  2783   1252892458.5400    0     -0.14 
  2784   1252892464.4280    0     -0.14 
  2785   1252892470.0080    0     -0.14 
  2786   1252892475.7000    0     -0.14 
  2787   1252892481.5680    0     -0.14 
  2788   1252892487.2360    0     -0.14 
  2789   1252892492.7720    0     -0.14 
  2790   1252892498.6600    0     -0.14 
  2791   1252892504.7760    0     -0.14 
  2792   1252892510.6440    0     -0.14 
  2793   1252892516.1920    0     -0.14 
  2794   1252892522.2160    0     -0.14 
  2795   1252892528.2680    0     -0.14 
  2796   1252892534.2360    0     -0.14 
  2797   1252892539.9840    0     -0.14 
  2798   1252892545.7720    0     -0.14 
  2799   1252892551.7800    0     -0.14 
  2800   1252892557.8000    0     -0.14 
  2801   1252892563.6600    0     -0.14 
  2802   1252892569.3760    0     -0.14 
  2803   1252892575.1400    0     -0.14 
  2804   1252892581.1120    0     -0.14 
  2805   1252892586.8200    0     -0.14 
  2806   1252892592.4400    0     -0.14 
  2807   1252892598.2920    0     -0.14 
  2808   1252892604.2520    0     -0.14 
  2809   1252892610.0040    0     -0.14 
  2810   1252892615.7160    0     -0.14 
  2811   1252892621.4440    0     -0.14 
  2812   1252892627.1080    0     -0.14 
  2813   1252892632.6400    0     -0.14 
  2814   1252892638.3400    0     -0.14 
  2815   1252892644.2880    0     -0.14 
  2816   1252892650.0880    0     -0.14 
  2817   1252892655.6840    0     -0.14 
  2818   1252892661.3800    0     -0.14 
  2819   1252892667.2400    0     -0.14 
  2820   1252892672.9560    0     -0.14 
  2821   1252892678.5480    0     -0.14 
  2822   1252892684.1720    0     -0.14 
  2823   1252892689.9800    0     -0.14 
  2824   1252892695.6560    0     -0.14 
  2825   1252892701.1920    0     -0.14 
  2826   1252892706.9680    0     -0.14 
  2827   1252892712.6640    0     -0.14 
  2828   1252892718.3000    0     -0.14 
  2829   1252892723.9920    0     -0.14 
  2830   1252892729.6400    0     -0.14 
  2831   1252892735.2840    0     -0.14 
  2832   1252892740.9200    0     -0.14 
  2833   1252892746.5200    0     -0.14 
  2834   1252892752.2280    0     -0.14 
  2835   1252892758.0600    0     -0.14 
  2836   1252892763.6160    0     -0.14 
  2837   1252892769.2440    0     -0.14 
  2838   1252892775.1040    0     -0.14 
  2839   1252892780.7920    0     -0.14 
  2840   1252892786.4240    0     -0.14 
  2841   1252892792.1200    0     -0.14 
  2842   1252892797.8000    0     -0.14 
  2843   1252892803.5000    0     -0.14 
  2844   1252892809.1040    0     -0.14 
  2845   1252892814.9680    0     -0.14 
  2846   1252892820.8680    0     -0.14 
  2847   1252892826.5920    0     -0.14 
  2848   1252892832.3120    0     -0.14 
  2849   1252892838.1600    0     -0.14 
  2850   1252892843.8080    0     -0.14 
  2851   1252892849.6120    0     -0.14 
  2852   1252892855.5840    0     -0.14 
  2853   1252892861.2680    0     -0.14 
  2854   1252892866.7920    0     -0.14 
  2855   1252892872.7680    0     -0.14 
  2856   1252892878.7200    0     -0.14 
  2857   1252892884.3440    0     -0.14 
  2858   1252892890.1680    0     -0.14 
  2859   1252892896.1160    0     -0.14 
  2860   1252892901.9640    0     -0.14 
  2861   1252892907.7320    0     -0.14 
  2862   1252892913.5880    0     -0.14 
  2863   1252892919.6160    0     -0.14 
  2864   1252892925.7080    0     -0.14 
  2865   1252892931.6040    0     -0.14 
  2866   1252892937.4600    0     -0.14 
  2867   1252892943.4480    0     -0.14 
  2868   1252892949.3120    0     -0.14 
  2869   1252892955.1240    0     -0.14 
  2870   1252892960.8720    0     -0.14 
  2871   1252892966.3360    0     -0.14 
  2872   1252892971.9960    0     -0.14 
  2873   1252892977.8920    0     -0.14 
  2874   1252892983.8880    0     -0.14 
  2875   1252892989.5120    0     -0.14 
  2876   1252892995.2200    0     -0.14 
  2877   1252893001.2680    0     -0.14 
  2878   1252893007.3920    0     -0.14 
  2879   1252893013.3800    0     -0.14 
  2880   1252893019.1120    0     -0.14 
  2881   1252893024.9880    0     -0.14 
  2882   1252893031.0520    0     -0.14 
  2883   1252893036.7880    0     -0.14 
  2884   1252893042.3920    0     -0.14 
  2885   1252893048.1520    0     -0.14 
  2886   1252893053.7800    0     -0.14 
  2887   1252893059.4160    0     -0.14 
  2888   1252893065.0960    0     -0.14 
  2889   1252893070.6840    0     -0.14 
  2890   1252893076.2040    0     -0.14 
  2891   1252893081.7560    0     -0.14 
  2892   1252893087.2560    0     -0.14 
  2893   1252893092.9280    0     -0.14 
  2894   1252893098.5040    0     -0.14 
  2895   1252893104.0480    0     -0.14 
  2896   1252893109.7920    0     -0.14 
  2897   1252893115.5360    0     -0.14 
  2898   1252893121.0120    0     -0.14 
  2899   1252893126.6720    0     -0.14 
  2900   1252893132.4160    0     -0.14 
  2901   1252893138.1480    0     -0.14 
  2902   1252893143.7880    0     -0.14 
  2903   1252893149.3640    0     -0.14 
  2904   1252893154.9440    0     -0.14 
  2905   1252893160.5200    0     -0.14 
  2906   1252893166.0080    0     -0.14 
  2907   1252893171.7160    0     -0.14 
  2908   1252893177.4840    0     -0.14 
  2909   1252893183.3680    0     -0.14 
  2910   1252893189.0160    0     -0.14 
  2911   1252893194.7160    0     -0.14 
  2912   1252893200.5720    0     -0.14 
  2913   1252893206.3360    0     -0.14 
  2914   1252893212.0800    0     -0.14 
  2915   1252893217.9040    0     -0.14 
  2916   1252893223.6520    0     -0.14 
  2917   1252893229.4400    0     -0.14 
  2918   1252893235.1080    0     -0.14 
  2919   1252893240.7720    0     -0.14 
  2920   1252893246.3600    0     -0.14 
  2921   1252893252.2160    0     -0.14 
  2922   1252893258.1320    0     -0.14 
  2923   1252893264.0840    0     -0.14 
  2924   1252893269.6640    0     -0.14 
  2925   1252893275.3600    0     -0.14 
  2926   1252893281.4480    0     -0.14 
  2927   1252893287.5640    0     -0.14 
  2928   1252893293.4320    0     -0.14 
  2929   1252893299.3480    0     -0.14 
  2930   1252893305.3320    0     -0.14 
  2931   1252893311.2600    0     -0.14 
  2932   1252893316.9760    0     -0.14 
  2933   1252893322.6000    0     -0.14 
  2934   1252893328.3960    0     -0.14 
  2935   1252893334.3160    0     -0.14 
  2936   1252893340.1160    0     -0.14 
  2937   1252893345.6480    0     -0.14 
  2938   1252893351.3120    0     -0.14 
  2939   1252893356.9840    0     -0.14 
  2940   1252893362.6400    0     -0.14 
  2941   1252893368.2320    0     -0.14 
  2942   1252893373.7680    0     -0.14 
  2943   1252893379.3800    0     -0.14 
  2944   1252893384.9160    0     -0.14 
  2945   1252893390.4600    0     -0.14 
  2946   1252893396.1120    0     -0.14 
  2947   1252893401.7840    0     -0.14 
  2948   1252893407.3880    0     -0.14 
  2949   1252893413.0240    0     -0.14 
  2950   1252893418.6800    0     -0.14 
  2951   1252893424.2760    0     -0.14 
  2952   1252893429.8520    0     -0.14 
  2953   1252893435.4800    0     -0.14 
  2954   1252893441.0840    0     -0.14 
  2955   1252893446.6200    0     -0.14 
  2956   1252893452.1840    0     -0.14 
  2957   1252893457.8120    0     -0.14 
  2958   1252893463.2920    0     -0.14 
  2959   1252893468.7880    0     -0.14 
  2960   1252893474.3720    0     -0.14 
  2961   1252893480.0600    0     -0.14 
  2962   1252893485.6640    0     -0.14 
  2963   1252893491.1680    0     -0.14 
  2964   1252893496.8320    0     -0.14 
  2965   1252893502.5640    0     -0.14 
  2966   1252893507.9720    0     -0.14 
  2967   1252893513.6000    0     -0.14 
  2968   1252893519.7760    0     -0.14 
  2969   1252893525.6560    0     -0.14 
  2970   1252893531.4840    0     -0.14 
  2971   1252893537.3840    0     -0.14 
  2972   1252893543.2800    0     -0.14 
  2973   1252893549.0240    0     -0.14 
  2974   1252893554.5560    0     -0.14 
  2975   1252893560.2720    0     -0.14 
  2976   1252893566.2120    0     -0.14 
  2977   1252893572.1040    0     -0.14 
  2978   1252893577.7960    0     -0.14 
  2979   1252893583.4880    0     -0.14 
  2980   1252893589.1760    0     -0.14 
  2981   1252893594.9040    0     -0.14 
  2982   1252893600.7880    0     -0.14 
  2983   1252893606.5840    0     -0.14 
  2984   1252893612.1760    0     -0.14 
  2985   1252893617.8960    0     -0.14 
  2986   1252893623.5400    0     -0.14 
  2987   1252893629.1560    0     -0.14 
  2988   1252893634.8480    0     -0.14 
  2989   1252893640.4920    0     -0.14 
  2990   1252893646.2720    0     -0.14 
  2991   1252893652.1720    0     -0.14 
  2992   1252893657.8520    0     -0.14 
  2993   1252893663.6600    0     -0.14 
  2994   1252893669.3440    0     -0.14 
  2995   1252893674.8720    0     -0.14 
  2996   1252893680.5120    0     -0.14 
  2997   1252893686.1880    0     -0.14 
  2998   1252893691.8360    0     -0.14 
  2999   1252893697.5920    0     -0.14 
  3000   1252893703.1040    0     -0.14 
  3001   1252893708.6800    0     -0.14 
  3002   1252893714.3440    0     -0.14 
  3003   1252893719.8680    0     -0.14 
  3004   1252893725.4080    0     -0.14 
  3005   1252893731.1720    0     -0.14 
  3006   1252893736.6080    0     -0.14 
  3007   1252893742.2320    0     -0.14 
  3008   1252893748.1840    0     -0.14 
  3009   1252893753.7720    0     -0.14 
  3010   1252893759.3000    0     -0.14 
  3011   1252893764.9960    0     -0.14 
  3012   1252893770.5880    0     -0.14 
  3013   1252893776.1760    0     -0.14 
  3014   1252893781.8120    0     -0.14 
  3015   1252893787.2880    0     -0.14 
  3016   1252893792.8840    0     -0.14 
  3017   1252893798.6680    0     -0.14 
  3018   1252893804.3400    0     -0.14 
  3019   1252893809.8840    0     -0.14 
  3020   1252893815.3720    0     -0.14 
  3021   1252893821.2640    0     -0.14 
  3022   1252893827.2200    0     -0.14 
  3023   1252893832.8000    0     -0.14 
  3024   1252893838.4160    0     -0.14 
  3025   1252893844.2600    0     -0.14 
  3026   1252893850.0800    0     -0.14 
  3027   1252893855.8120    0     -0.14 
  3028   1252893861.5280    0     -0.14 
  3029   1252893867.1440    0     -0.14 
  3030   1252893872.6160    0     -0.14 
  3031   1252893878.5120    0     -0.14 
  3032   1252893884.6040    0     -0.14 
  3033   1252893890.4920    0     -0.14 
  3034   1252893896.2520    0     -0.14 
  3035   1252893902.2520    0     -0.14 
  3036   1252893908.3000    0     -0.14 
  3037   1252893914.0480    0     -0.14 
  3038   1252893919.7200    0     -0.14 
  3039   1252893925.5280    0     -0.14 
  3040   1252893931.1920    0     -0.14 
  3041   1252893936.7840    0     -0.14 
  3042   1252893942.4520    0     -0.14 
  3043   1252893948.1840    0     -0.14 
  3044   1252893954.0880    0     -0.14 
  3045   1252893959.9520    0     -0.14 
  3046   1252893965.6120    0     -0.14 
  3047   1252893971.2560    0     -0.14 
  3048   1252893977.0280    0     -0.14 
  3049   1252893982.9040    0     -0.14 
  3050   1252893988.4800    0     -0.14 
  3051   1252893994.1040    0     -0.14 
  3052   1252893999.7280    0     -0.14 
  3053   1252894005.3200    0     -0.14 
  3054   1252894010.8720    0     -0.14 
  3055   1252894016.4880    0     -0.14 
  3056   1252894022.1120    0     -0.14 
  3057   1252894027.7200    0     -0.14 
  3058   1252894033.4760    0     -0.14 
  3059   1252894039.0400    0     -0.14 
  3060   1252894044.6960    0     -0.14 
  3061   1252894050.2920    0     -0.14 
  3062   1252894055.7680    0     -0.14 
  3063   1252894061.3560    0     -0.14 
  3064   1252894066.9880    0     -0.14 
  3065   1252894072.5280    0     -0.14 
  3066   1252894078.1960    0     -0.14 
  3067   1252894083.8240    0     -0.14 
  3068   1252894089.6040    0     -0.14 
  3069   1252894095.3240    0     -0.14 
  3070   1252894100.8560    0     -0.14 
  3071   1252894106.5920    0     -0.14 
  3072   1252894112.3120    0     -0.14 
  3073   1252894117.8800    0     -0.14 
  3074   1252894123.4640    0     -0.14 
  3075   1252894129.1800    0     -0.14 
  3076   1252894134.8040    0     -0.14 
  3077   1252894140.2920    0     -0.14 
  3078   1252894145.9360    0     -0.14 
  3079   1252894151.5120    0     -0.14 
  3080   1252894157.0320    0     -0.14 
  3081   1252894162.6520    0     -0.14 
  3082   1252894168.5400    0     -0.14 
  3083   1252894174.4080    0     -0.14 
  3084   1252894180.1240    0     -0.14 
  3085   1252894185.7160    0     -0.14 
  3086   1252894191.5000    0     -0.14 
  3087   1252894197.1720    0     -0.14 
  3088   1252894202.7000    0     -0.15 
  3089   1252894208.4000    0     -0.15 
  3090   1252894214.1760    0     -0.15 
  3091   1252894219.6480    0     -0.15 
  3092   1252894225.4240    0     -0.15 
  3093   1252894231.0240    0     -0.15 
  3094   1252894236.5280    0     -0.15 
  3095   1252894242.4080    0     -0.15 
  3096   1252894247.9760    0     -0.15 
  3097   1252894253.3440    0     -0.15 
  3098   1252894259.3040    0     -0.15 
  3099   1252894264.9680    0     -0.15 
  3100   1252894270.4480    0     -0.15 
  3101   1252894276.1440    0     -0.15 
  3102   1252894281.8720    0     -0.15 
  3103   1252894287.6000    0     -0.15 
  3104   1252894293.2840    0     -0.15 
  3105   1252894298.7520    0     -0.15 
  3106   1252894304.8720    0     -0.15 
  3107   1252894311.2440    0     -0.15 
  3108   1252894317.3040    0     -0.15 
  3109   1252894323.0520    0     -0.15 
  3110   1252894328.9240    0     -0.15 
  3111   1252894335.0480    0     -0.15 
  3112   1252894340.9280    0     -0.15 
  3113   1252894346.2960    0     -0.15 
  3114   1252894351.9720    0     -0.15 
  3115   1252894357.8640    0     -0.15 
  3116   1252894363.2600    0     -0.15 
  3117   1252894368.9320    0     -0.15 
  3118   1252894374.7320    0     -0.15 
  3119   1252894380.5120    0     -0.15 
  3120   1252894386.0960    0     -0.15 
  3121   1252894391.6920    0     -0.15 
  3122   1252894397.4400    0     -0.15 
  3123   1252894403.0720    0     -0.15 
  3124   1252894408.4360    0     -0.15 
  3125   1252894414.1120    0     -0.15 
  3126   1252894419.7320    0     -0.15 
  3127   1252894425.3000    0     -0.15 
  3128   1252894430.9080    0     -0.15 
  3129   1252894436.3080    0     -0.15 
  3130   1252894441.8960    0     -0.15 
  3131   1252894447.6040    0     -0.15 
  3132   1252894453.1480    0     -0.15 
  3133   1252894458.8720    0     -0.15 
  3134   1252894464.5960    0     -0.15 
  3135   1252894470.2280    0     -0.15 
  3136   1252894475.7840    0     -0.15 
  3137   1252894481.4800    0     -0.15 
  3138   1252894487.2200    0     -0.15 
  3139   1252894492.7840    0     -0.15 
  3140   1252894498.3360    0     -0.15 
  3141   1252894503.9800    0     -0.15 
  3142   1252894509.6280    0     -0.15 
  3143   1252894515.2800    0     -0.15 
  3144   1252894520.8440    0     -0.15 
  3145   1252894526.4920    0     -0.15 
  3146   1252894532.2080    0     -0.15 
  3147   1252894537.7160    0     -0.15 
  3148   1252894543.3600    0     -0.15 
  3149   1252894549.1440    0     -0.15 
  3150   1252894554.7720    0     -0.15 
  3151   1252894560.4200    0     -0.15 
  3152   1252894565.9480    0     -0.15 
  3153   1252894571.6040    0     -0.15 
  3154   1252894577.5160    0     -0.15 
  3155   1252894583.3120    0     -0.15 
  3156   1252894588.6600    0     -0.15 
  3157   1252894594.4920    0     -0.15 
  3158   1252894600.4120    0     -0.15 
  3159   1252894606.0960    0     -0.15 
  3160   1252894611.7680    0     -0.15 
  3161   1252894617.5160    0     -0.15 
  3162   1252894623.1160    0     -0.15 
  3163   1252894628.6200    0     -0.15 
  3164   1252894634.1320    0     -0.15 
  3165   1252894639.6400    0     -0.15 
  3166   1252894645.1320    0     -0.15 
  3167   1252894650.7960    0     -0.15 
  3168   1252894656.4920    0     -0.15 
  3169   1252894662.0320    0     -0.15 
  3170   1252894667.6640    0     -0.15 
  3171   1252894673.8120    0     -0.15 
  3172   1252894679.5840    0     -0.15 
  3173   1252894685.2720    0     -0.15 
  3174   1252894690.9760    0     -0.15 
  3175   1252894696.5400    0     -0.15 
  3176   1252894702.0720    0     -0.15 
  3177   1252894707.7560    0     -0.15 
  3178   1252894713.3200    0     -0.15 
  3179   1252894718.8040    0     -0.15 
  3180   1252894724.3840    0     -0.15 
  3181   1252894729.8880    0     -0.15 
  3182   1252894735.5200    0     -0.15 
  3183   1252894741.1800    0     -0.15 
  3184   1252894746.7640    0     -0.15 
  3185   1252894752.2960    0     -0.15 
  3186   1252894757.9120    0     -0.15 
  3187   1252894763.5520    0     -0.15 
  3188   1252894769.1360    0     -0.15 
  3189   1252894774.7560    0     -0.15 
  3190   1252894780.6240    0     -0.15 
  3191   1252894786.1320    0     -0.15 
  3192   1252894791.5520    0     -0.15 
  3193   1252894797.2160    0     -0.15 
  3194   1252894802.7240    0     -0.11 
  3195   1252894808.2040    0     -0.11 
  3196   1252894813.8840    0     -0.11 
  3197   1252894819.5480    0     -0.11 
  3198   1252894825.1160    0     -0.11 
  3199   1252894830.7320    0     -0.11 
  3200   1252894836.2600    0     -0.11 
  3201   1252894842.0120    0     -0.11 
  3202   1252894847.6000    0     -0.11 
  3203   1252894853.0640    0     -0.11 
  3204   1252894858.8360    0     -0.11 
  3205   1252894864.6080    0     -0.11 
  3206   1252894870.2960    0     -0.11 
  3207   1252894875.7760    0     -0.11 
  3208   1252894881.2760    0     -0.11 
  3209   1252894887.1320    0     -0.11 
  3210   1252894892.9880    0     -0.11 
  3211   1252894898.7080    0     -0.11 
  3212   1252894904.1760    0     -0.11 
  3213   1252894909.7720    0     -0.11 
  3214   1252894915.5920    0     -0.11 
  3215   1252894921.2480    0     -0.11 
  3216   1252894926.7920    0     -0.11 
  3217   1252894932.4440    0     -0.11 
  3218   1252894937.8160    0     -0.11 
  3219   1252894943.5760    0     -0.11 
  3220   1252894949.2480    0     -0.11 
  3221   1252894954.7720    0     -0.11 
  3222   1252894960.4280    0     -0.11 
  3223   1252894965.9080    0     -0.11 
  3224   1252894971.3480    0     -0.11 
  3225   1252894976.9040    0     -0.11 
  3226   1252894982.4560    0     -0.11 
  3227   1252894987.8920    0     -0.11 
  3228   1252894993.3960    0     -0.11 
  3229   1252894999.1000    0     -0.11 
  3230   1252895004.9080    0     -0.11 
  3231   1252895010.4440    0     -0.11 
  3232   1252895015.8880    0     -0.11 
  3233   1252895021.7160    0     -0.11 
  3234   1252895027.4160    0     -0.11 
  3235   1252895032.9720    0     -0.11 
  3236   1252895038.5960    0     -0.11 
  3237   1252895044.3880    0     -0.11 
  3238   1252895050.1760    0     -0.11 
  3239   1252895055.8200    0     -0.11 
  3240   1252895061.4040    0     -0.11 
  3241   1252895067.0440    0     -0.11 
  3242   1252895072.6600    0     -0.11 
  3243   1252895078.2680    0     -0.11 
  3244   1252895083.8760    0     -0.11 
  3245   1252895089.4040    0     -0.11 
  3246   1252895094.8480    0     -0.11 
  3247   1252895100.5440    0     -0.11 
  3248   1252895106.4040    0     -0.11 
  3249   1252895112.0920    0     -0.11 
  3250   1252895117.7680    0     -0.11 
  3251   1252895123.5480    0     -0.11 
  3252   1252895129.1240    0     -0.11 
  3253   1252895134.8160    0     -0.11 
  3254   1252895140.4640    0     -0.11 
  3255   1252895146.0680    0     -0.11 
  3256   1252895152.0520    0     -0.11 
  3257   1252895158.0080    0     -0.11 
  3258   1252895163.8040    0     -0.11 
  3259   1252895169.5320    0     -0.11 
  3260   1252895175.2160    0     -0.11 
  3261   1252895180.8480    0     -0.11 
  3262   1252895186.5880    0     -0.11 
  3263   1252895192.2000    0     -0.11 
  3264   1252895197.7080    0     -0.11 
  3265   1252895203.2920    0     -0.11 
