# UltraTide data for line test23/nrt
#Shot    Time               status  ultraTide 
#Name: ACO.ULTRATIDE1
  5778   1251049470.0480    0     0.06 
  5778   1251060232.0920    0     -0.12 
  5777   1251060244.5920    0     -0.12 
  5776   1251060257.0920    0     -0.12 
  5775   1251060269.5920    0     -0.12 
  5774   1251060282.0920    0     -0.12 
  5773   1251060294.5920    0     -0.12 
  5772   1251060307.0920    0     -0.12 
  5771   1251060319.5920    0     -0.12 
  5770   1251060332.0920    0     -0.12 
  5769   1251060344.5920    0     -0.12 
  5768   1251060357.0920    0     -0.12 
  5767   1251060369.5920    0     -0.12 
  5766   1251060382.0920    0     -0.12 
  5765   1251060394.5920    0     -0.12 
  5764   1251060407.0920    0     -0.12 
  5763   1251060419.5920    0     -0.12 
  5762   1251060432.0920    0     -0.12 
  5761   1251060444.5920    0     -0.12 
  5760   1251060457.0920    0     -0.12 
  5759   1251060469.5920    0     -0.12 
  5758   1251060482.0920    0     -0.12 
  5757   1251060494.5920    0     -0.12 
  5756   1251060507.0920    0     -0.12 
  5755   1251060519.5920    0     -0.12 
  5754   1251060532.0920    0     -0.12 
  5753   1251060544.5920    0     -0.12 
  5752   1251060557.0920    0     -0.12 
  5751   1251060569.5920    0     -0.12 
  5750   1251060582.0920    0     -0.12 
  5749   1251060594.5920    0     -0.12 
  5748   1251060607.0920    0     -0.14 
  5747   1251060619.5920    0     -0.14 
  5746   1251060632.0920    0     -0.14 
  5745   1251060644.5920    0     -0.14 
  5744   1251060657.0920    0     -0.14 
  5743   1251060669.5920    0     -0.14 
  5742   1251060682.0920    0     -0.14 
  5741   1251060694.5920    0     -0.14 
  5740   1251060707.0920    0     -0.14 
  5739   1251060719.5920    0     -0.14 
  5738   1251060732.0920    0     -0.14 
  5737   1251060744.5920    0     -0.14 
  5736   1251060757.0920    0     -0.14 
  5735   1251060769.5920    0     -0.14 
  5734   1251060782.0920    0     -0.14 
  5733   1251060794.5920    0     -0.14 
  5732   1251060807.0920    0     -0.14 
  5731   1251060819.5920    0     -0.14 
  5730   1251060832.0920    0     -0.14 
  5729   1251060844.5920    0     -0.14 
  5728   1251060857.0920    0     -0.14 
  5727   1251060869.5920    0     -0.14 
  5726   1251060882.0920    0     -0.14 
  5725   1251060894.5920    0     -0.14 
  5724   1251060907.0920    0     -0.14 
  5723   1251060919.5920    0     -0.14 
  5722   1251060932.0920    0     -0.14 
  5721   1251060944.5920    0     -0.14 
  5720   1251060957.0920    0     -0.14 
  5719   1251060969.5920    0     -0.14 
  5718   1251060982.0920    0     -0.14 
  5717   1251060994.5920    0     -0.14 
  5716   1251061007.0920    0     -0.14 
  5715   1251061019.5920    0     -0.14 
  5714   1251061032.0920    0     -0.14 
  5713   1251061044.5920    0     -0.14 
  5712   1251061057.0920    0     -0.14 
  5711   1251061069.5920    0     -0.14 
  5710   1251061082.0920    0     -0.14 
  5709   1251061094.5920    0     -0.14 
  5708   1251061107.0920    0     -0.14 
  5707   1251061119.5920    0     -0.14 
  5706   1251061132.0920    0     -0.14 
  5705   1251061144.5920    0     -0.14 
  5704   1251061157.0920    0     -0.14 
  5703   1251061169.5920    0     -0.14 
  5702   1251061182.0920    0     -0.14 
  5701   1251061194.5920    0     -0.14 
  5700   1251061207.0920    0     -0.19 
  5699   1251061219.5920    0     -0.19 
  5698   1251061232.0920    0     -0.19 
  5697   1251061244.5920    0     -0.19 
  5696   1251061257.0920    0     -0.19 
  5695   1251061269.5920    0     -0.19 
  5694   1251061282.0920    0     -0.19 
  5693   1251061294.5920    0     -0.19 
  5692   1251061307.0920    0     -0.19 
  5691   1251061319.5920    0     -0.19 
  5690   1251061332.0920    0     -0.19 
  5689   1251061344.5920    0     -0.19 
  5688   1251061357.0920    0     -0.19 
  5687   1251061369.5920    0     -0.19 
  5686   1251061382.0920    0     -0.19 
  5685   1251061394.5920    0     -0.19 
  5684   1251061407.0920    0     -0.19 
  5683   1251061419.5920    0     -0.19 
  5682   1251061432.0920    0     -0.19 
  5681   1251061444.5920    0     -0.19 
  5680   1251061457.0920    0     -0.19 
  5679   1251061469.5920    0     -0.19 
  5678   1251061482.0920    0     -0.19 
  5677   1251061494.5920    0     -0.19 
  5676   1251061507.0920    0     -0.19 
  5675   1251061519.5920    0     -0.19 
  5674   1251061532.0920    0     -0.19 
  5673   1251061544.5920    0     -0.19 
  5672   1251061557.0920    0     -0.19 
  5671   1251061569.5920    0     -0.19 
  5670   1251061582.0920    0     -0.19 
  5669   1251061594.5920    0     -0.19 
  5668   1251061607.0920    0     -0.19 
  5667   1251061619.5920    0     -0.19 
  5666   1251061632.0920    0     -0.19 
  5665   1251061644.5920    0     -0.19 
  5664   1251061657.0920    0     -0.19 
  5663   1251061669.5920    0     -0.19 
  5662   1251061682.0920    0     -0.19 
  5661   1251061694.5920    0     -0.19 
  5660   1251061707.0920    0     -0.19 
  5659   1251061719.5920    0     -0.19 
  5658   1251061732.0920    0     -0.19 
  5657   1251061744.5920    0     -0.19 
  5656   1251061757.0920    0     -0.19 
  5655   1251061769.5920    0     -0.19 
  5654   1251061782.0920    0     -0.19 
  5653   1251061794.5920    0     -0.19 
  5652   1251061807.0920    0     -0.18 
  5651   1251061819.5920    0     -0.18 
  5650   1251061832.0920    0     -0.18 
  5649   1251061844.5920    0     -0.18 
  5648   1251061857.0920    0     -0.18 
  5647   1251061869.5920    0     -0.18 
  5646   1251061882.0920    0     -0.18 
  5645   1251061894.5920    0     -0.18 
  5644   1251061907.0920    0     -0.18 
  5643   1251061919.5920    0     -0.18 
  5642   1251061932.0920    0     -0.18 
  5641   1251061944.5920    0     -0.18 
  5640   1251061957.0920    0     -0.18 
  5639   1251061969.5920    0     -0.18 
  5638   1251061982.0920    0     -0.18 
  5637   1251061994.5920    0     -0.18 
  5636   1251062007.0920    0     -0.18 
  5635   1251062019.5920    0     -0.18 
  5634   1251062032.0920    0     -0.18 
  5633   1251062044.5920    0     -0.18 
  5632   1251062057.0920    0     -0.18 
  5631   1251062069.5920    0     -0.18 
  5630   1251062082.0920    0     -0.18 
  5629   1251062094.5920    0     -0.18 
  5628   1251062107.0920    0     -0.18 
  5627   1251062119.5920    0     -0.18 
  5626   1251062132.0920    0     -0.18 
  5625   1251062144.5920    0     -0.18 
  5624   1251062157.0920    0     -0.18 
  5623   1251062169.5920    0     -0.18 
  5622   1251062182.0920    0     -0.18 
  5621   1251062194.5920    0     -0.18 
  5620   1251062207.0920    0     -0.18 
  5619   1251062219.5920    0     -0.18 
  5618   1251062232.0920    0     -0.18 
  5617   1251062244.5920    0     -0.18 
  5616   1251062257.0920    0     -0.18 
  5615   1251062269.5920    0     -0.18 
  5614   1251062282.0920    0     -0.18 
  5613   1251062294.5920    0     -0.18 
  5612   1251062307.0920    0     -0.18 
  5611   1251062319.5920    0     -0.18 
  5610   1251062332.0920    0     -0.18 
  5609   1251062344.5920    0     -0.18 
  5608   1251062357.0920    0     -0.18 
  5607   1251062369.5920    0     -0.18 
  5606   1251062382.0920    0     -0.18 
  5605   1251062394.5920    0     -0.18 
  5604   1251062407.0920    0     -0.12 
  5603   1251062419.5920    0     -0.12 
  5602   1251062432.0920    0     -0.12 
  5601   1251062444.5920    0     -0.12 
  5600   1251062457.0920    0     -0.12 
  5599   1251062469.5920    0     -0.12 
  5598   1251062482.0920    0     -0.12 
  5597   1251062494.5920    0     -0.12 
  5596   1251062507.0920    0     -0.12 
  5595   1251062519.5920    0     -0.12 
  5594   1251062532.0920    0     -0.12 
  5593   1251062544.5920    0     -0.12 
  5592   1251062557.0920    0     -0.12 
  5591   1251062569.5920    0     -0.12 
  5590   1251062582.0920    0     -0.12 
  5589   1251062594.5920    0     -0.12 
  5588   1251062607.0920    0     -0.12 
  5587   1251062619.5920    0     -0.12 
  5586   1251062632.0920    0     -0.12 
  5585   1251062644.5920    0     -0.12 
  5584   1251062657.0920    0     -0.12 
  5583   1251062669.5920    0     -0.12 
  5582   1251062682.0920    0     -0.12 
  5581   1251062694.5920    0     -0.12 
  5580   1251062707.0920    0     -0.12 
  5579   1251062719.5920    0     -0.12 
  5578   1251062732.0920    0     -0.12 
  5577   1251062744.5920    0     -0.12 
  5576   1251062757.0920    0     -0.12 
  5575   1251062769.5920    0     -0.12 
  5574   1251062782.0920    0     -0.12 
  5573   1251062794.5920    0     -0.12 
  5572   1251062807.0920    0     -0.12 
  5571   1251062819.5920    0     -0.12 
  5570   1251062832.0920    0     -0.12 
  5569   1251062844.5920    0     -0.12 
  5568   1251062857.0920    0     -0.12 
  5567   1251062869.5920    0     -0.12 
  5566   1251062882.0920    0     -0.12 
  5565   1251062894.5920    0     -0.12 
  5564   1251062907.0920    0     -0.12 
  5563   1251062919.5920    0     -0.12 
  5562   1251062932.0920    0     -0.12 
  5561   1251062944.5920    0     -0.12 
  5560   1251062957.0920    0     -0.12 
  5559   1251062969.5920    0     -0.12 
  5558   1251062982.0920    0     -0.12 
  5557   1251062994.5920    0     -0.12 
  5556   1251063007.0920    0     -0.12 
  5555   1251063019.5920    0     -0.12 
  5554   1251063032.0920    0     -0.12 
  5553   1251063044.5920    0     -0.12 
  5552   1251063057.0920    0     -0.12 
  5551   1251063069.5920    0     -0.12 
  5550   1251063082.0920    0     -0.12 
  5549   1251063094.5920    0     -0.12 
  5548   1251063107.0920    0     -0.12 
  5547   1251063119.5920    0     -0.12 
  5546   1251063132.0920    0     -0.12 
  5545   1251063144.5920    0     -0.12 
  5544   1251063157.0920    0     -0.12 
  5543   1251063169.5920    0     -0.12 
  5542   1251063182.0920    0     -0.12 
  5541   1251063194.5920    0     -0.12 
  5540   1251063207.0920    0     -0.12 
  5539   1251063219.5920    0     -0.12 
  5538   1251063232.0920    0     -0.12 
  5537   1251063244.5920    0     -0.12 
  5536   1251063257.0920    0     -0.12 
  5535   1251063269.5920    0     -0.12 
  5534   1251063282.0920    0     -0.12 
  5533   1251063294.5920    0     -0.12 
  5532   1251063307.0920    0     -0.12 
  5531   1251063319.5920    0     -0.12 
  5530   1251063332.0920    0     -0.12 
  5529   1251063344.5920    0     -0.12 
  5528   1251063357.0920    0     -0.12 
  5527   1251063369.5920    0     -0.12 
  5526   1251063382.0920    0     -0.12 
  5525   1251063394.5920    0     -0.12 
  5524   1251063407.0920    0     -0.12 
  5523   1251063419.5920    0     -0.12 
  5522   1251063432.0920    0     -0.12 
  5521   1251063444.5920    0     -0.12 
  5520   1251063457.0920    0     -0.12 
  5519   1251063469.5920    0     -0.12 
  5518   1251063482.0920    0     -0.12 
  5517   1251063494.5920    0     -0.12 
  5516   1251063507.0920    0     -0.12 
  5515   1251063519.5920    0     -0.12 
  5514   1251063532.0920    0     -0.12 
  5513   1251063544.5920    0     -0.12 
  5512   1251063557.0920    0     -0.12 
  5511   1251063569.5920    0     -0.12 
  5510   1251063582.0920    0     -0.12 
  5509   1251063594.5920    0     -0.12 
  5508   1251063607.0920    0     -0.06 
  5507   1251063619.5920    0     -0.06 
  5506   1251063632.0920    0     -0.06 
  5505   1251063644.5920    0     -0.06 
  5504   1251063657.0920    0     -0.06 
  5503   1251063669.5920    0     -0.06 
  5502   1251063682.0920    0     -0.06 
  5501   1251063694.5920    0     -0.06 
  5500   1251063707.0920    0     -0.06 
  5499   1251063719.5920    0     -0.06 
  5498   1251063732.0920    0     -0.06 
  5497   1251063744.5920    0     -0.06 
  5496   1251063757.0920    0     -0.06 
  5495   1251063769.5920    0     -0.06 
  5494   1251063782.0920    0     -0.06 
  5493   1251063794.5920    0     -0.06 
  5492   1251063807.0920    0     -0.06 
  5491   1251063819.5920    0     -0.06 
  5490   1251063832.0920    0     -0.06 
  5489   1251063844.5920    0     -0.06 
  5488   1251063857.0920    0     -0.06 
  5487   1251063869.5920    0     -0.06 
  5486   1251063882.0920    0     -0.06 
  5485   1251063894.5920    0     -0.06 
  5484   1251063907.0920    0     -0.06 
  5483   1251063919.5920    0     -0.06 
  5482   1251063932.0920    0     -0.06 
  5481   1251063944.5920    0     -0.06 
  5480   1251063957.0920    0     -0.06 
  5479   1251063969.5920    0     -0.06 
  5478   1251063982.0920    0     -0.06 
  5477   1251063994.5920    0     -0.06 
  5476   1251064007.0920    0     -0.06 
  5475   1251064019.5920    0     -0.06 
  5474   1251064032.0920    0     -0.06 
  5473   1251064044.5920    0     -0.06 
  5472   1251064057.0920    0     -0.06 
  5471   1251064069.5920    0     -0.06 
  5470   1251064082.0920    0     -0.06 
  5469   1251064094.5920    0     -0.06 
  5468   1251064107.0920    0     -0.06 
  5467   1251064119.5920    0     -0.06 
  5466   1251064132.0920    0     -0.06 
  5465   1251064144.5920    0     -0.06 
  5464   1251064157.0920    0     -0.06 
  5463   1251064169.5920    0     -0.06 
  5462   1251064182.0920    0     -0.06 
  5461   1251064194.5920    0     -0.06 
  5460   1251064207.0920    0     -0.06 
  5459   1251064219.5920    0     -0.06 
  5458   1251064232.0920    0     -0.06 
  5457   1251064244.5920    0     -0.06 
  5456   1251064257.0920    0     -0.06 
  5455   1251064269.5920    0     -0.06 
  5454   1251064282.0920    0     -0.06 
  5453   1251064294.5920    0     -0.06 
  5452   1251064307.0920    0     -0.06 
  5451   1251064319.5920    0     -0.06 
  5450   1251064332.0920    0     -0.06 
  5449   1251064344.5920    0     -0.06 
  5448   1251064357.0920    0     -0.06 
  5447   1251064369.5920    0     -0.06 
  5446   1251064382.0920    0     -0.06 
  5445   1251064394.5920    0     -0.06 
  5444   1251064407.0920    0     -0.06 
  5443   1251064419.5920    0     -0.06 
  5442   1251064432.0920    0     -0.06 
  5441   1251064444.5920    0     -0.06 
  5440   1251064457.0920    0     -0.06 
  5439   1251064469.5920    0     -0.06 
  5438   1251064482.0920    0     -0.06 
  5437   1251064494.5920    0     -0.06 
  5436   1251064507.0920    0     -0.06 
  5435   1251064519.5920    0     -0.06 
  5434   1251064532.0920    0     -0.06 
  5433   1251064544.5920    0     -0.06 
  5432   1251064557.0920    0     -0.06 
  5431   1251064569.5920    0     -0.06 
  5430   1251064582.0920    0     -0.06 
  5429   1251064594.5920    0     -0.06 
  5428   1251064607.0920    0     -0.06 
  5427   1251064619.5920    0     -0.06 
  5426   1251064632.0920    0     -0.06 
  5425   1251064644.5920    0     -0.06 
  5424   1251064657.0920    0     -0.06 
  5423   1251064669.5920    0     -0.06 
  5422   1251064682.0920    0     -0.06 
  5421   1251064694.5920    0     -0.06 
  5420   1251064707.0920    0     -0.06 
  5419   1251064719.5920    0     -0.06 
  5418   1251064732.0920    0     -0.06 
  5417   1251064744.5920    0     -0.06 
  5416   1251064757.0920    0     -0.06 
  5415   1251064769.5920    0     -0.06 
  5414   1251064782.0920    0     -0.06 
  5413   1251064794.5920    0     -0.06 
  5412   1251064807.0920    0     -0.07 
  5411   1251064819.5920    0     -0.07 
  5410   1251064832.0920    0     -0.07 
  5409   1251064844.5920    0     -0.07 
  5408   1251064857.0920    0     -0.07 
  5407   1251064869.5920    0     -0.07 
  5406   1251064882.0920    0     -0.07 
  5405   1251064894.5920    0     -0.07 
  5404   1251064907.0920    0     -0.07 
  5403   1251064919.5920    0     -0.07 
  5402   1251064932.0920    0     -0.07 
  5401   1251064944.5920    0     -0.07 
  5400   1251064957.0920    0     -0.07 
  5399   1251064969.5920    0     -0.07 
  5398   1251064982.0920    0     -0.07 
  5397   1251064994.5920    0     -0.07 
  5396   1251065007.0920    0     -0.07 
  5395   1251065019.5920    0     -0.07 
  5394   1251065032.0920    0     -0.07 
  5393   1251065044.5920    0     -0.07 
  5392   1251065057.0920    0     -0.07 
  5391   1251065069.5920    0     -0.07 
  5390   1251065082.0920    0     -0.07 
  5389   1251065094.5920    0     -0.07 
  5388   1251065107.0920    0     -0.07 
  5387   1251065119.5920    0     -0.07 
  5386   1251065132.0920    0     -0.07 
  5385   1251065144.5920    0     -0.07 
  5384   1251065157.0920    0     -0.07 
  5383   1251065169.5920    0     -0.07 
  5382   1251065182.0920    0     -0.07 
  5381   1251065194.5920    0     -0.07 
  5380   1251065207.0920    0     -0.07 
  5379   1251065219.5920    0     -0.07 
  5378   1251065232.0920    0     -0.07 
  5377   1251065244.5920    0     -0.07 
  5376   1251065257.0920    0     -0.07 
  5375   1251065269.5920    0     -0.07 
  5374   1251065282.0920    0     -0.07 
  5373   1251065294.5920    0     -0.07 
  5372   1251065307.0920    0     -0.07 
  5371   1251065319.5920    0     -0.07 
  5370   1251065332.0920    0     -0.07 
  5369   1251065344.5920    0     -0.07 
  5368   1251065357.0920    0     -0.07 
  5367   1251065369.5920    0     -0.07 
  5366   1251065382.0920    0     -0.07 
  5365   1251065394.5920    0     -0.07 
  5364   1251065407.0920    0     -0.09 
  5363   1251065419.5920    0     -0.09 
  5362   1251065432.0920    0     -0.09 
  5361   1251065444.5920    0     -0.09 
  5360   1251065457.0920    0     -0.09 
  5359   1251065469.5920    0     -0.09 
  5358   1251065482.0920    0     -0.09 
  5357   1251065494.5920    0     -0.09 
  5356   1251065507.0920    0     -0.09 
  5355   1251065519.5920    0     -0.09 
  5354   1251065532.0920    0     -0.09 
  5353   1251065544.5920    0     -0.09 
  5352   1251065557.0920    0     -0.09 
  5351   1251065569.5920    0     -0.09 
  5350   1251065582.0920    0     -0.09 
  5349   1251065594.5920    0     -0.09 
  5348   1251065607.0920    0     -0.09 
  5347   1251065619.5920    0     -0.09 
  5346   1251065632.0920    0     -0.09 
  5345   1251065644.5920    0     -0.09 
  5344   1251065657.0920    0     -0.09 
  5343   1251065669.5920    0     -0.09 
  5342   1251065682.0920    0     -0.09 
  5341   1251065694.5920    0     -0.09 
  5340   1251065707.0920    0     -0.09 
  5339   1251065719.5920    0     -0.09 
  5338   1251065732.0920    0     -0.09 
  5337   1251065744.5920    0     -0.09 
  5336   1251065757.0920    0     -0.09 
  5335   1251065769.5920    0     -0.09 
  5334   1251065782.0920    0     -0.09 
  5333   1251065794.5920    0     -0.09 
  5332   1251065807.0920    0     -0.09 
  5331   1251065819.5920    0     -0.09 
  5330   1251065832.0920    0     -0.09 
  5329   1251065844.5920    0     -0.09 
  5328   1251065857.0920    0     -0.09 
  5327   1251065869.5920    0     -0.09 
  5326   1251065882.0920    0     -0.09 
  5325   1251065894.5920    0     -0.09 
  5324   1251065907.0920    0     -0.09 
  5323   1251065919.5920    0     -0.09 
  5322   1251065932.0920    0     -0.09 
  5321   1251065944.5920    0     -0.09 
  5320   1251065957.0920    0     -0.09 
  5319   1251065969.5920    0     -0.09 
  5318   1251065982.0920    0     -0.09 
  5317   1251065994.5920    0     -0.09 
  5316   1251066007.0920    0     -0.07 
  5315   1251066019.5920    0     -0.07 
  5314   1251066032.0920    0     -0.07 
  5313   1251066044.5920    0     -0.07 
  5312   1251066057.0920    0     -0.07 
  5311   1251066069.5920    0     -0.07 
  5310   1251066082.0920    0     -0.07 
  5309   1251066094.5920    0     -0.07 
  5308   1251066107.0920    0     -0.07 
  5307   1251066119.5920    0     -0.07 
  5306   1251066132.0920    0     -0.07 
  5305   1251066144.5920    0     -0.07 
  5304   1251066157.0920    0     -0.07 
  5303   1251066169.5920    0     -0.07 
  5302   1251066182.0920    0     -0.07 
  5301   1251066194.5920    0     -0.07 
  5300   1251066207.0920    0     -0.07 
  5299   1251066219.5920    0     -0.07 
  5298   1251066232.0920    0     -0.07 
  5297   1251066244.5920    0     -0.07 
  5296   1251066257.0920    0     -0.07 
  5295   1251066269.5920    0     -0.07 
  5294   1251066282.0920    0     -0.07 
  5293   1251066294.5920    0     -0.07 
  5292   1251066307.0920    0     -0.07 
  5291   1251066319.5920    0     -0.07 
  5290   1251066332.0920    0     -0.07 
  5289   1251066344.5920    0     -0.07 
  5288   1251066357.0920    0     -0.07 
  5287   1251066369.5920    0     -0.07 
  5286   1251066382.0920    0     -0.07 
  5285   1251066394.5920    0     -0.07 
  5284   1251066407.0920    0     -0.07 
  5283   1251066419.5920    0     -0.07 
  5282   1251066432.0920    0     -0.07 
  5281   1251066444.5920    0     -0.07 
  5280   1251066457.0920    0     -0.07 
  5279   1251066469.5920    0     -0.07 
  5278   1251066482.0920    0     -0.07 
  5277   1251066494.5920    0     -0.07 
  5276   1251066507.0920    0     -0.07 
  5275   1251066519.5920    0     -0.07 
  5274   1251066532.0920    0     -0.07 
  5273   1251066544.5920    0     -0.07 
  5272   1251066557.0920    0     -0.07 
  5271   1251066569.5920    0     -0.07 
  5270   1251066582.0920    0     -0.07 
  5269   1251066594.5920    0     -0.07 
  5268   1251066607.0920    0     0.00 
  5267   1251066619.5920    0     0.00 
  5266   1251066632.0920    0     0.00 
  5265   1251066644.5920    0     0.00 
  5264   1251066657.0920    0     0.00 
  5263   1251066669.5920    0     0.00 
  5262   1251066682.0920    0     0.00 
  5261   1251066694.5920    0     0.00 
  5260   1251066707.0920    0     0.00 
  5259   1251066719.5920    0     0.00 
  5258   1251066732.0920    0     0.00 
  5257   1251066744.5920    0     0.00 
  5256   1251066757.0920    0     0.00 
  5255   1251066769.5920    0     0.00 
  5254   1251066782.0920    0     0.00 
  5253   1251066794.5920    0     0.00 
  5252   1251066807.0920    0     0.00 
  5251   1251066819.5920    0     0.00 
  5250   1251066832.0920    0     0.00 
  5249   1251066844.5920    0     0.00 
  5248   1251066857.0920    0     0.00 
  5247   1251066869.5920    0     0.00 
  5246   1251066882.0920    0     0.00 
  5245   1251066894.5920    0     0.00 
  5244   1251066907.0920    0     0.00 
  5243   1251066919.5920    0     0.00 
  5242   1251066932.0920    0     0.00 
  5241   1251066944.5920    0     0.00 
  5240   1251066957.0920    0     0.00 
  5239   1251066969.5920    0     0.00 
  5238   1251066982.0920    0     0.00 
  5237   1251066994.5920    0     0.00 
  5236   1251067007.0920    0     0.00 
  5235   1251067019.5920    0     0.00 
  5234   1251067032.0920    0     0.00 
  5233   1251067044.5920    0     0.00 
  5232   1251067057.0920    0     0.00 
  5231   1251067069.5920    0     0.00 
  5230   1251067082.0920    0     0.00 
  5229   1251067094.5920    0     0.00 
  5228   1251067107.0920    0     0.00 
  5227   1251067119.5920    0     0.00 
  5226   1251067132.0920    0     0.00 
  5225   1251067144.5920    0     0.00 
  5224   1251067157.0920    0     0.00 
  5223   1251067169.5920    0     0.00 
  5222   1251067182.0920    0     0.00 
  5221   1251067194.5920    0     0.00 
  5220   1251067207.0920    0     0.00 
  5219   1251067219.5920    0     0.00 
  5218   1251067232.0920    0     0.00 
  5217   1251067244.5920    0     0.00 
  5216   1251067257.0920    0     0.00 
  5215   1251067269.5920    0     0.00 
  5214   1251067282.0920    0     0.00 
  5213   1251067294.5920    0     0.00 
  5212   1251067307.0920    0     0.00 
  5211   1251067319.5920    0     0.00 
  5210   1251067332.0920    0     0.00 
  5209   1251067344.5920    0     0.00 
  5208   1251067357.0920    0     0.00 
  5207   1251067369.5920    0     0.00 
  5206   1251067382.0920    0     0.00 
  5205   1251067394.5920    0     0.00 
  5204   1251067407.0920    0     0.00 
  5203   1251067419.5920    0     0.00 
  5202   1251067432.0920    0     0.00 
  5201   1251067444.5920    0     0.00 
  5200   1251067457.0920    0     0.00 
  5199   1251067469.5920    0     0.00 
  5198   1251067482.0920    0     0.00 
  5197   1251067494.5920    0     0.00 
  5196   1251067507.0920    0     0.00 
  5195   1251067519.5920    0     0.00 
  5194   1251067532.0920    0     0.00 
  5193   1251067544.5920    0     0.00 
  5192   1251067557.0920    0     0.00 
  5191   1251067569.5920    0     0.00 
  5190   1251067582.0920    0     0.00 
  5189   1251067594.5920    0     0.00 
  5188   1251067607.0920    0     0.00 
  5187   1251067619.5920    0     0.00 
  5186   1251067632.0920    0     0.00 
  5185   1251067644.5920    0     0.00 
  5184   1251067657.0920    0     0.00 
  5183   1251067669.5920    0     0.00 
  5182   1251067682.0920    0     0.00 
  5181   1251067694.5920    0     0.00 
  5180   1251067707.0920    0     0.00 
  5179   1251067719.5920    0     0.00 
  5178   1251067732.0920    0     0.00 
  5177   1251067744.5920    0     0.00 
  5176   1251067757.0920    0     0.00 
  5175   1251067769.5920    0     0.00 
  5174   1251067782.0920    0     0.00 
  5173   1251067794.5920    0     0.00 
  5172   1251067807.0920    0     -0.01 
  5171   1251067819.5920    0     -0.01 
  5170   1251067832.0920    0     -0.01 
  5169   1251067844.5920    0     -0.01 
  5168   1251067857.0920    0     -0.01 
  5167   1251067869.5920    0     -0.01 
  5166   1251067882.0920    0     -0.01 
  5165   1251067894.5920    0     -0.01 
  5164   1251067907.0920    0     -0.01 
  5163   1251067919.5920    0     -0.01 
  5162   1251067932.0920    0     -0.01 
  5161   1251067944.5920    0     -0.01 
  5160   1251067957.0920    0     -0.01 
  5159   1251067969.5920    0     -0.01 
  5158   1251067982.0920    0     -0.01 
  5157   1251067994.5920    0     -0.01 
  5156   1251068007.0920    0     -0.01 
  5155   1251068019.5920    0     -0.01 
  5154   1251068032.0920    0     -0.01 
  5153   1251068044.5920    0     -0.01 
  5152   1251068057.0920    0     -0.01 
  5151   1251068069.5920    0     -0.01 
  5150   1251068082.0920    0     -0.01 
  5149   1251068094.5920    0     -0.01 
  5148   1251068107.0920    0     -0.01 
  5147   1251068119.5920    0     -0.01 
  5146   1251068132.0920    0     -0.01 
  5145   1251068144.5920    0     -0.01 
  5144   1251068157.0920    0     -0.01 
  5143   1251068169.5920    0     -0.01 
  5142   1251068182.0920    0     -0.01 
  5141   1251068194.5920    0     -0.01 
  5140   1251068207.0920    0     -0.01 
  5139   1251068219.5920    0     -0.01 
  5138   1251068232.0920    0     -0.01 
  5137   1251068244.5920    0     -0.01 
  5136   1251068257.0920    0     -0.01 
  5135   1251068269.5920    0     -0.01 
  5134   1251068282.0920    0     -0.01 
  5133   1251068294.5920    0     -0.01 
  5132   1251068307.0920    0     -0.01 
  5131   1251068319.5920    0     -0.01 
  5130   1251068332.0920    0     -0.01 
  5129   1251068344.5920    0     -0.01 
  5128   1251068357.0920    0     -0.01 
  5127   1251068369.5920    0     -0.01 
  5126   1251068382.0920    0     -0.01 
  5125   1251068394.5920    0     -0.01 
  5124   1251068407.0920    0     0.00 
  5123   1251068419.5920    0     0.00 
  5122   1251068432.0920    0     0.00 
  5121   1251068444.5920    0     0.00 
  5120   1251068457.0920    0     0.00 
  5119   1251068469.5920    0     0.00 
  5118   1251068482.0920    0     0.00 
  5117   1251068494.5920    0     0.00 
  5116   1251068507.0920    0     0.00 
  5115   1251068519.5920    0     0.00 
  5114   1251068532.0920    0     0.00 
  5113   1251068544.5920    0     0.00 
  5112   1251068557.0920    0     0.00 
  5111   1251068569.5920    0     0.00 
  5110   1251068582.0920    0     0.00 
  5109   1251068594.5920    0     0.00 
  5108   1251068607.0920    0     0.00 
  5107   1251068619.5920    0     0.00 
  5106   1251068632.0920    0     0.00 
  5105   1251068644.5920    0     0.00 
  5104   1251068657.0920    0     0.00 
  5103   1251068669.5920    0     0.00 
  5102   1251068682.0920    0     0.00 
  5101   1251068694.5920    0     0.00 
  5100   1251068707.0920    0     0.00 
  5099   1251068719.5920    0     0.00 
  5098   1251068732.0920    0     0.00 
  5097   1251068744.5920    0     0.00 
  5096   1251068757.0920    0     0.00 
  5095   1251068769.5920    0     0.00 
  5094   1251068782.0920    0     0.00 
  5093   1251068794.5920    0     0.00 
  5092   1251068807.0920    0     0.00 
  5091   1251068819.5920    0     0.00 
  5090   1251068832.0920    0     0.00 
  5089   1251068844.5920    0     0.00 
  5088   1251068857.0920    0     0.00 
  5087   1251068869.5920    0     0.00 
  5086   1251068882.0920    0     0.00 
  5085   1251068894.5920    0     0.00 
  5084   1251068907.0920    0     0.00 
  5083   1251068919.5920    0     0.00 
  5082   1251068932.0920    0     0.00 
  5081   1251068944.5920    0     0.00 
  5080   1251068957.0920    0     0.00 
  5079   1251068969.5920    0     0.00 
  5078   1251068982.0920    0     0.00 
  5077   1251068994.5920    0     0.00 
  5076   1251069007.0920    0     0.02 
  5075   1251069019.5920    0     0.02 
  5074   1251069032.0920    0     0.02 
  5073   1251069044.5920    0     0.02 
  5072   1251069057.0920    0     0.02 
  5071   1251069069.5920    0     0.02 
  5070   1251069082.0920    0     0.02 
  5069   1251069094.5920    0     0.02 
  5068   1251069107.0920    0     0.02 
  5067   1251069119.5920    0     0.02 
  5066   1251069132.0920    0     0.02 
  5065   1251069144.5920    0     0.02 
  5064   1251069157.0920    0     0.02 
  5063   1251069169.5920    0     0.02 
  5062   1251069182.0920    0     0.02 
  5061   1251069194.5920    0     0.02 
  5060   1251069207.0920    0     0.02 
  5059   1251069219.5920    0     0.02 
  5058   1251069232.0920    0     0.02 
  5057   1251069244.5920    0     0.02 
  5056   1251069257.0920    0     0.02 
  5055   1251069269.5920    0     0.02 
  5054   1251069282.0920    0     0.02 
  5053   1251069294.5920    0     0.02 
  5052   1251069307.0920    0     0.02 
  5051   1251069319.5920    0     0.02 
  5050   1251069332.0920    0     0.02 
  5049   1251069344.5920    0     0.02 
  5048   1251069357.0920    0     0.02 
  5047   1251069369.5920    0     0.02 
  5046   1251069382.0920    0     0.02 
  5045   1251069394.5920    0     0.02 
  5044   1251069407.0920    0     0.02 
  5043   1251069419.5920    0     0.02 
  5042   1251069432.0920    0     0.02 
  5041   1251069444.5920    0     0.02 
  5040   1251069457.0920    0     0.02 
  5039   1251069469.5920    0     0.02 
  5038   1251069482.0920    0     0.02 
  5037   1251069494.5920    0     0.02 
  5036   1251069507.0920    0     0.02 
  5035   1251069519.5920    0     0.02 
  5034   1251069532.0920    0     0.02 
  5033   1251069544.5920    0     0.02 
  5032   1251069557.0920    0     0.02 
  5031   1251069569.5920    0     0.02 
  5030   1251069582.0920    0     0.02 
  5029   1251069594.5920    0     0.02 
  5028   1251069607.0920    0     0.05 
  5027   1251069619.5920    0     0.05 
  5026   1251069632.0920    0     0.05 
  5025   1251069644.5920    0     0.05 
  5024   1251069657.0920    0     0.05 
  5023   1251069669.5920    0     0.05 
  5022   1251069682.0920    0     0.05 
  5021   1251069694.5920    0     0.05 
  5020   1251069707.0920    0     0.05 
  5019   1251069719.5920    0     0.05 
  5018   1251069732.0920    0     0.05 
  5017   1251069744.5920    0     0.05 
  5016   1251069757.0920    0     0.05 
  5015   1251069769.5920    0     0.05 
  5014   1251069782.0920    0     0.05 
  5013   1251069794.5920    0     0.05 
  5012   1251069807.0920    0     0.05 
  5011   1251069819.5920    0     0.05 
  5010   1251069832.0920    0     0.05 
  5009   1251069844.5920    0     0.05 
  5008   1251069857.0920    0     0.05 
  5007   1251069869.5920    0     0.05 
  5006   1251069882.0920    0     0.05 
  5005   1251069894.5920    0     0.05 
  5004   1251069907.0920    0     0.05 
  5003   1251069919.5920    0     0.05 
  5002   1251069932.0920    0     0.05 
  5001   1251069944.5920    0     0.05 
  5000   1251069957.0920    0     0.05 
  4999   1251069969.5920    0     0.05 
  4998   1251069982.0920    0     0.05 
  4997   1251069994.5920    0     0.05 
  4996   1251070007.0920    0     0.05 
  4995   1251070019.5920    0     0.05 
  4994   1251070032.0920    0     0.05 
  4993   1251070044.5920    0     0.05 
  4992   1251070057.0920    0     0.05 
  4991   1251070069.5920    0     0.05 
  4990   1251070082.0920    0     0.05 
  4989   1251070094.5920    0     0.05 
  4988   1251070107.0920    0     0.05 
  4987   1251070119.5920    0     0.05 
  4986   1251070132.0920    0     0.05 
  4985   1251070144.5920    0     0.05 
  4984   1251070157.0920    0     0.05 
  4983   1251070169.5920    0     0.05 
  4982   1251070182.0920    0     0.05 
  4981   1251070194.5920    0     0.05 
  4980   1251070207.0920    0     0.04 
  4979   1251070219.5920    0     0.04 
  4978   1251070232.0920    0     0.04 
  4977   1251070244.5920    0     0.04 
  4976   1251070257.0920    0     0.04 
  4975   1251070269.5920    0     0.04 
  4974   1251070282.0920    0     0.04 
  4973   1251070294.5920    0     0.04 
  4972   1251070307.0920    0     0.04 
  4971   1251070319.5920    0     0.04 
  4970   1251070332.0920    0     0.04 
  4969   1251070344.5920    0     0.04 
  4968   1251070357.0920    0     0.04 
  4967   1251070369.5920    0     0.04 
  4966   1251070382.0920    0     0.04 
  4965   1251070394.5920    0     0.04 
  4964   1251070407.0920    0     0.04 
  4963   1251070419.5920    0     0.04 
  4962   1251070432.0920    0     0.04 
  4961   1251070444.5920    0     0.04 
  4960   1251070457.0920    0     0.04 
  4959   1251070469.5920    0     0.04 
  4958   1251070482.0920    0     0.04 
  4957   1251070494.5920    0     0.04 
  4956   1251070507.0920    0     0.04 
  4955   1251070519.5920    0     0.04 
  4954   1251070532.0920    0     0.04 
  4953   1251070544.5920    0     0.04 
  4952   1251070557.0920    0     0.04 
  4951   1251070569.5920    0     0.04 
  4950   1251070582.0920    0     0.04 
  4949   1251070594.5920    0     0.04 
  4948   1251070607.0920    0     0.04 
  4947   1251070619.5920    0     0.04 
  4946   1251070632.0920    0     0.04 
  4945   1251070644.5920    0     0.04 
  4944   1251070657.0920    0     0.04 
  4943   1251070669.5920    0     0.04 
  4942   1251070682.0920    0     0.04 
  4941   1251070694.5920    0     0.04 
  4940   1251070707.0920    0     0.04 
  4939   1251070719.5920    0     0.04 
  4938   1251070732.0920    0     0.04 
  4937   1251070744.5920    0     0.04 
  4936   1251070757.0920    0     0.04 
  4935   1251070769.5920    0     0.04 
  4934   1251070782.0920    0     0.04 
  4933   1251070794.5920    0     0.04 
  4932   1251070807.0920    0     0.02 
  4931   1251070819.5920    0     0.02 
  4930   1251070832.0920    0     0.02 
  4929   1251070844.5920    0     0.02 
  4928   1251070857.0920    0     0.02 
  4927   1251070869.5920    0     0.02 
  4926   1251070882.0920    0     0.02 
  4925   1251070894.5920    0     0.02 
  4924   1251070907.0920    0     0.02 
  4923   1251070919.5920    0     0.02 
  4922   1251070932.0920    0     0.02 
  4921   1251070944.5920    0     0.02 
  4920   1251070957.0920    0     0.02 
  4919   1251070969.5920    0     0.02 
  4918   1251070982.0920    0     0.02 
  4917   1251070994.5920    0     0.02 
  4916   1251071007.0920    0     0.02 
  4915   1251071019.5920    0     0.02 
  4914   1251071032.0920    0     0.02 
  4913   1251071044.5920    0     0.02 
  4912   1251071057.0920    0     0.02 
  4911   1251071069.5920    0     0.02 
  4910   1251071082.0920    0     0.02 
  4909   1251071094.5920    0     0.02 
  4908   1251071107.0920    0     0.02 
  4907   1251071119.5920    0     0.02 
  4906   1251071132.0920    0     0.02 
  4905   1251071144.5920    0     0.02 
  4904   1251071157.0920    0     0.02 
  4903   1251071169.5920    0     0.02 
  4902   1251071182.0920    0     0.02 
  4901   1251071194.5920    0     0.02 
  4900   1251071207.0920    0     0.02 
  4899   1251071219.5920    0     0.02 
  4898   1251071232.0920    0     0.02 
  4897   1251071244.5920    0     0.02 
  4896   1251071257.0920    0     0.02 
  4895   1251071269.5920    0     0.02 
  4894   1251071282.0920    0     0.02 
  4893   1251071294.5920    0     0.02 
  4892   1251071307.0920    0     0.02 
  4891   1251071319.5920    0     0.02 
  4890   1251071332.0920    0     0.02 
  4889   1251071344.5920    0     0.02 
  4888   1251071357.0920    0     0.02 
  4887   1251071369.5920    0     0.02 
  4886   1251071382.0920    0     0.02 
  4885   1251071394.5920    0     0.02 
  4884   1251071407.0920    0     0.04 
  4883   1251071419.5920    0     0.04 
  4882   1251071432.0920    0     0.04 
  4881   1251071444.5920    0     0.04 
  4880   1251071457.0920    0     0.04 
  4879   1251071469.5920    0     0.04 
  4878   1251071482.0920    0     0.04 
  4877   1251071494.5920    0     0.04 
  4876   1251071507.0920    0     0.04 
  4875   1251071519.5920    0     0.04 
  4874   1251071532.0920    0     0.04 
  4873   1251071544.5920    0     0.04 
  4872   1251071557.0920    0     0.04 
  4871   1251071569.5920    0     0.04 
  4870   1251071582.0920    0     0.04 
  4869   1251071594.5920    0     0.04 
  4868   1251071607.0920    0     0.04 
  4867   1251071619.5920    0     0.04 
  4866   1251071632.0920    0     0.04 
  4865   1251071644.5920    0     0.04 
  4864   1251071657.0920    0     0.04 
  4863   1251071669.5920    0     0.04 
  4862   1251071682.0920    0     0.04 
  4861   1251071694.5920    0     0.04 
  4860   1251071707.0920    0     0.04 
  4859   1251071719.5920    0     0.04 
  4858   1251071732.0920    0     0.04 
  4857   1251071744.5920    0     0.04 
  4856   1251071757.0920    0     0.04 
  4855   1251071769.5920    0     0.04 
  4854   1251071782.0920    0     0.04 
  4853   1251071794.5920    0     0.04 
  4852   1251071807.0920    0     0.04 
  4851   1251071819.5920    0     0.04 
  4850   1251071832.0920    0     0.04 
  4849   1251071844.5920    0     0.04 
  4848   1251071857.0920    0     0.04 
  4847   1251071869.5920    0     0.04 
  4846   1251071882.0920    0     0.04 
  4845   1251071894.5920    0     0.04 
  4844   1251071907.0920    0     0.04 
  4843   1251071919.5920    0     0.04 
  4842   1251071932.0920    0     0.04 
  4841   1251071944.5920    0     0.04 
  4840   1251071957.0920    0     0.04 
  4839   1251071969.5920    0     0.04 
  4838   1251071982.0920    0     0.04 
  4837   1251071994.5920    0     0.04 
  4836   1251072007.0920    0     0.06 
  4835   1251072019.5920    0     0.06 
  4834   1251072032.0920    0     0.06 
  4833   1251072044.5920    0     0.06 
  4832   1251072057.0920    0     0.06 
  4831   1251072069.5920    0     0.06 
  4830   1251072082.0920    0     0.06 
  4829   1251072094.5920    0     0.06 
  4828   1251072107.0920    0     0.06 
  4827   1251072119.5920    0     0.06 
  4826   1251072132.0920    0     0.06 
  4825   1251072144.5920    0     0.06 
  4824   1251072157.0920    0     0.06 
  4823   1251072169.5920    0     0.06 
  4822   1251072182.0920    0     0.06 
  4821   1251072194.5920    0     0.06 
  4820   1251072207.0920    0     0.06 
  4819   1251072219.5920    0     0.06 
  4818   1251072232.0920    0     0.06 
  4817   1251072244.5920    0     0.06 
  4816   1251072257.0920    0     0.06 
  3306   1251072275.6480    0     0.06 
  3305   1251072288.1480    0     0.06 
  3304   1251072300.6480    0     0.06 
  3303   1251072313.1480    0     0.06 
  3302   1251072325.6480    0     0.06 
  3301   1251072338.1480    0     0.06 
  3300   1251072350.6480    0     0.06 
  3299   1251072363.1480    0     0.06 
  3298   1251072375.6480    0     0.06 
  3297   1251072388.1480    0     0.06 
  3296   1251072400.6480    0     0.06 
  3295   1251072413.1480    0     0.06 
  3294   1251072425.6480    0     0.06 
  3293   1251072438.1480    0     0.06 
  3292   1251072450.6480    0     0.06 
  3291   1251072463.1480    0     0.06 
  3290   1251072475.6480    0     0.06 
  3289   1251072488.1480    0     0.06 
  3288   1251072500.6480    0     0.06 
  3287   1251072513.1480    0     0.06 
  3286   1251072525.6480    0     0.06 
  3285   1251072538.1480    0     0.06 
  3284   1251072550.6480    0     0.06 
  3283   1251072563.1480    0     0.06 
  3282   1251072575.6480    0     0.06 
  3281   1251072588.1480    0     0.06 
  3280   1251072600.6480    0     0.11 
  3244   1251072609.5080    0     0.11 
  3243   1251072618.5080    0     0.11 
  3242   1251072627.5080    0     0.11 
  3241   1251072636.5080    0     0.11 
  3240   1251072645.5080    0     0.11 
  3239   1251072654.5080    0     0.11 
  3238   1251072663.5080    0     0.11 
  3237   1251072672.5080    0     0.11 
  3236   1251072681.5080    0     0.11 
  3235   1251072690.5080    0     0.11 
  3234   1251072699.5080    0     0.11 
  3233   1251072708.5080    0     0.11 
  3232   1251072717.5080    0     0.11 
  3231   1251072726.5080    0     0.11 
  3230   1251072735.5080    0     0.11 
  3229   1251072744.5080    0     0.11 
  3228   1251072753.5080    0     0.11 
  3227   1251072762.5080    0     0.11 
  3226   1251072771.5080    0     0.11 
  3225   1251072780.5080    0     0.11 
  3224   1251072789.5080    0     0.11 
  3223   1251072798.5080    0     0.11 
  3222   1251072807.5080    0     0.11 
  3221   1251072816.5080    0     0.11 
  3220   1251072825.5080    0     0.11 
  3219   1251072834.5080    0     0.11 
  3218   1251072843.5080    0     0.11 
  3217   1251072852.5080    0     0.11 
  3216   1251072861.5080    0     0.11 
  3215   1251072870.5080    0     0.11 
  3214   1251072879.5080    0     0.11 
  3213   1251072888.5080    0     0.11 
  3212   1251072897.5080    0     0.11 
  3211   1251072906.5080    0     0.11 
  3210   1251072915.5080    0     0.11 
  3209   1251072924.5080    0     0.11 
  3208   1251072933.5080    0     0.11 
  3207   1251072942.5080    0     0.11 
  3206   1251072951.5080    0     0.11 
  3205   1251072960.5080    0     0.11 
  3204   1251072969.5080    0     0.11 
  3203   1251072978.5080    0     0.11 
  3202   1251072987.5080    0     0.11 
  3201   1251072996.5080    0     0.11 
  3200   1251073005.5080    0     0.11 
  3199   1251073014.5080    0     0.11 
  3198   1251073023.5080    0     0.11 
  3197   1251073032.5080    0     0.11 
  3196   1251073041.5080    0     0.11 
  3195   1251073050.5080    0     0.11 
  3194   1251073059.5080    0     0.11 
  3193   1251073068.5080    0     0.11 
  3192   1251073077.5080    0     0.11 
  3191   1251073086.5080    0     0.11 
  3190   1251073095.5080    0     0.11 
  3189   1251073104.5080    0     0.11 
  3188   1251073113.5080    0     0.11 
  3187   1251073122.5080    0     0.11 
  3186   1251073131.5080    0     0.11 
  3185   1251073140.5080    0     0.11 
  3184   1251073149.5080    0     0.11 
  3183   1251073158.5080    0     0.11 
  3182   1251073167.5080    0     0.11 
  3181   1251073176.5080    0     0.11 
  3180   1251073185.5080    0     0.11 
  3179   1251073194.5080    0     0.11 
  3178   1251073203.5080    0     0.12 
  3177   1251073212.5080    0     0.12 
  3176   1251073221.5080    0     0.12 
  3175   1251073230.5080    0     0.12 
  3174   1251073239.5080    0     0.12 
  3173   1251073248.5080    0     0.12 
  3172   1251073257.5080    0     0.12 
  3171   1251073266.5080    0     0.12 
  3170   1251073275.5080    0     0.12 
  3169   1251073284.5080    0     0.12 
  3168   1251073293.5080    0     0.12 
  3167   1251073302.5080    0     0.12 
  3166   1251073311.5080    0     0.12 
  3165   1251073320.5080    0     0.12 
  3164   1251073329.5080    0     0.12 
  3163   1251073338.5080    0     0.12 
  3162   1251073347.5080    0     0.12 
  3161   1251073356.5080    0     0.12 
  3160   1251073365.5080    0     0.12 
  3159   1251073374.5080    0     0.12 
  3158   1251073383.5080    0     0.12 
  3157   1251073392.5080    0     0.12 
  3156   1251073401.5080    0     0.12 
  3155   1251073410.5080    0     0.12 
  3154   1251073419.5080    0     0.12 
  3153   1251073428.5080    0     0.12 
  3152   1251073437.5080    0     0.12 
  3151   1251073446.5080    0     0.12 
  3150   1251073455.5080    0     0.12 
  3149   1251073464.5080    0     0.12 
  3148   1251073473.5080    0     0.12 
  3147   1251073482.5080    0     0.12 
  3146   1251073491.5080    0     0.12 
  3145   1251073500.5080    0     0.12 
  3144   1251073509.5080    0     0.12 
  3143   1251073518.5080    0     0.12 
  3142   1251073527.5080    0     0.12 
  3141   1251073536.5080    0     0.12 
  3140   1251073545.5080    0     0.12 
  3139   1251073554.5080    0     0.12 
  3138   1251073563.5080    0     0.12 
  3137   1251073572.5080    0     0.12 
  3136   1251073581.5080    0     0.12 
  3135   1251073590.5080    0     0.12 
  3134   1251073599.5080    0     0.12 
  3133   1251073608.5080    0     0.12 
  3132   1251073617.5080    0     0.12 
  3131   1251073626.5080    0     0.12 
  3130   1251073635.5080    0     0.12 
  3129   1251073644.5080    0     0.12 
  3128   1251073653.5080    0     0.12 
  3127   1251073662.5080    0     0.12 
  3126   1251073671.5080    0     0.12 
  3125   1251073680.5080    0     0.12 
  3124   1251073689.5080    0     0.12 
  3123   1251073698.5080    0     0.12 
  3122   1251073707.5080    0     0.12 
  3121   1251073716.5080    0     0.12 
  3120   1251073725.5080    0     0.12 
  3119   1251073734.5080    0     0.12 
  3118   1251073743.5080    0     0.12 
  3117   1251073752.5080    0     0.12 
  3116   1251073761.5080    0     0.12 
  3115   1251073770.5080    0     0.12 
  3114   1251073779.5080    0     0.12 
  3113   1251073788.5080    0     0.12 
  3112   1251073797.5080    0     0.12 
  3111   1251073806.5080    0     0.17 
  3110   1251073815.5080    0     0.17 
  3109   1251073824.5080    0     0.17 
  3108   1251073833.5080    0     0.17 
  3107   1251073842.5080    0     0.17 
  3106   1251073851.5080    0     0.17 
  3105   1251073860.5080    0     0.17 
  3104   1251073869.5080    0     0.17 
  3103   1251073878.5080    0     0.17 
  3102   1251073887.5080    0     0.17 
  3101   1251073896.5080    0     0.17 
  3100   1251073905.5080    0     0.17 
  3099   1251073914.5080    0     0.17 
  3098   1251073923.5080    0     0.17 
  3097   1251073932.5080    0     0.17 
  3096   1251073941.5080    0     0.17 
  3095   1251073950.5080    0     0.17 
  3094   1251073959.5080    0     0.17 
  3093   1251073968.5080    0     0.17 
  3092   1251073977.5080    0     0.17 
  3091   1251073986.5080    0     0.17 
  3090   1251073995.5080    0     0.17 
  3089   1251074004.5080    0     0.17 
  3088   1251074013.5080    0     0.17 
  3087   1251074022.5080    0     0.17 
  3086   1251074031.5080    0     0.17 
  3085   1251074040.5080    0     0.17 
  3084   1251074049.5080    0     0.17 
  3083   1251074058.5080    0     0.17 
  3082   1251074067.5080    0     0.17 
  3081   1251074076.5080    0     0.17 
  3080   1251074085.5080    0     0.17 
  3079   1251074094.5080    0     0.17 
  3078   1251074103.5080    0     0.17 
  3077   1251074112.5080    0     0.17 
  3076   1251074121.5080    0     0.17 
  3075   1251074130.5080    0     0.17 
  3074   1251074139.5080    0     0.17 
  3073   1251074148.5080    0     0.17 
  3072   1251074157.5080    0     0.17 
  3071   1251074166.5080    0     0.17 
  3070   1251074175.5080    0     0.17 
  3069   1251074184.5080    0     0.17 
  3068   1251074193.5080    0     0.17 
  3067   1251074202.5080    0     0.17 
  3066   1251074211.5080    0     0.17 
  3065   1251074220.5080    0     0.17 
  3064   1251074229.5080    0     0.17 
  3063   1251074238.5080    0     0.17 
  3062   1251074247.5080    0     0.17 
  3061   1251074256.5080    0     0.17 
  3060   1251074265.5080    0     0.17 
  3059   1251074274.5080    0     0.17 
  3058   1251074283.5080    0     0.17 
  3057   1251074292.5080    0     0.17 
  3056   1251074301.5080    0     0.17 
  3055   1251074310.5080    0     0.17 
  3054   1251074319.5080    0     0.17 
  3053   1251074328.5080    0     0.17 
  3052   1251074337.5080    0     0.17 
  3051   1251074346.5080    0     0.17 
  3050   1251074355.5080    0     0.17 
  3049   1251074364.5080    0     0.17 
  3048   1251074373.5080    0     0.17 
  3047   1251074382.5080    0     0.17 
  3046   1251074391.5080    0     0.17 
  3045   1251074400.5080    0     0.05 
  3044   1251074409.5080    0     0.05 
  3043   1251074418.5080    0     0.05 
  3042   1251074427.5080    0     0.05 
  3041   1251074436.5080    0     0.05 
  3040   1251074445.5080    0     0.05 
  3039   1251074454.5080    0     0.05 
  3038   1251074463.5080    0     0.05 
  3037   1251074472.5080    0     0.05 
  3036   1251074481.5080    0     0.05 
  3035   1251074490.5080    0     0.05 
  3034   1251074499.5080    0     0.05 
  3033   1251074508.5080    0     0.05 
  3032   1251074517.5080    0     0.05 
  3031   1251074526.5080    0     0.05 
  3030   1251074535.5080    0     0.05 
  3029   1251074544.5080    0     0.05 
  3028   1251074553.5080    0     0.05 
  3027   1251074562.5080    0     0.05 
  3026   1251074571.5080    0     0.05 
  3025   1251074580.5080    0     0.05 
  3024   1251074589.5080    0     0.05 
  3023   1251074598.5080    0     0.05 
  3022   1251074607.5080    0     0.05 
  3021   1251074616.5080    0     0.05 
  3020   1251074625.5080    0     0.05 
  3019   1251074634.5080    0     0.05 
  3018   1251074643.5080    0     0.05 
  3017   1251074652.5080    0     0.05 
  3016   1251074661.5080    0     0.05 
  3015   1251074670.5080    0     0.05 
  3014   1251074679.5080    0     0.05 
  3013   1251074688.5080    0     0.05 
  3012   1251074697.5080    0     0.05 
  3011   1251074706.5080    0     0.05 
  3010   1251074715.5080    0     0.05 
  3009   1251074724.5080    0     0.05 
  3008   1251074733.5080    0     0.05 
  3007   1251074742.5080    0     0.05 
  3006   1251074751.5080    0     0.05 
  3005   1251074760.5080    0     0.05 
  3004   1251074769.5080    0     0.05 
  3003   1251074778.5080    0     0.05 
  3002   1251074787.5080    0     0.05 
  3001   1251074796.5080    0     0.05 
  3000   1251074805.5080    0     0.05 
  2999   1251074814.5080    0     0.05 
  2998   1251074823.5080    0     0.05 
  2997   1251074832.5080    0     0.05 
  2996   1251074841.5080    0     0.05 
  2995   1251074850.5080    0     0.05 
  2994   1251074859.5080    0     0.05 
  2993   1251074868.5080    0     0.05 
  2992   1251074877.5080    0     0.05 
  2991   1251074886.5080    0     0.05 
  2990   1251074895.5080    0     0.05 
  2989   1251074904.5080    0     0.05 
  2988   1251074913.5080    0     0.05 
  2987   1251074922.5080    0     0.05 
  2986   1251074931.5080    0     0.05 
  2985   1251074940.5080    0     0.05 
  2984   1251074949.5080    0     0.05 
  2983   1251074958.5080    0     0.05 
  2982   1251074967.5080    0     0.05 
  2981   1251074976.5080    0     0.05 
  2980   1251074985.5080    0     0.05 
  2979   1251074994.5080    0     0.05 
  2978   1251075003.5080    0     0.08 
  2977   1251075012.5080    0     0.08 
  2976   1251075021.5080    0     0.08 
  2975   1251075030.5080    0     0.08 
  2974   1251075039.5080    0     0.08 
  2973   1251075048.5080    0     0.08 
  2972   1251075057.5080    0     0.08 
  2971   1251075066.5080    0     0.08 
  2970   1251075075.5080    0     0.08 
  2969   1251075084.5080    0     0.08 
  2968   1251075093.5080    0     0.08 
  2967   1251075102.5080    0     0.08 
  2966   1251075111.5080    0     0.08 
  2965   1251075120.5080    0     0.08 
  2964   1251075129.5080    0     0.08 
  2963   1251075138.5080    0     0.08 
  2962   1251075147.5080    0     0.08 
  2961   1251075156.5080    0     0.08 
  2960   1251075165.5080    0     0.08 
  2959   1251075174.5080    0     0.08 
  2958   1251075183.5080    0     0.08 
  2957   1251075192.5080    0     0.08 
  2956   1251075201.5080    0     0.08 
  2955   1251075210.5080    0     0.08 
  2954   1251075219.5080    0     0.08 
  2953   1251075228.5080    0     0.08 
  2952   1251075237.5080    0     0.08 
  2951   1251075246.5080    0     0.08 
  2950   1251075255.5080    0     0.08 
  2949   1251075264.5080    0     0.08 
  2948   1251075273.5080    0     0.08 
  2947   1251075282.5080    0     0.08 
  2946   1251075291.5080    0     0.08 
  2945   1251075300.5080    0     0.08 
  2944   1251075309.5080    0     0.08 
  2943   1251075318.5080    0     0.08 
  2942   1251075327.5080    0     0.08 
  2941   1251075336.5080    0     0.08 
  2940   1251075345.5080    0     0.08 
  2939   1251075354.5080    0     0.08 
  2938   1251075363.5080    0     0.08 
  2937   1251075372.5080    0     0.08 
  2936   1251075381.5080    0     0.08 
  2935   1251075390.5080    0     0.08 
  2934   1251075399.5080    0     0.08 
  2933   1251075408.5080    0     0.08 
  2932   1251075417.5080    0     0.08 
  2931   1251075426.5080    0     0.08 
  2930   1251075435.5080    0     0.08 
  2929   1251075444.5080    0     0.08 
  2928   1251075453.5080    0     0.08 
  2927   1251075462.5080    0     0.08 
  2926   1251075471.5080    0     0.08 
  2925   1251075480.5080    0     0.08 
  2924   1251075489.5080    0     0.08 
  2923   1251075498.5080    0     0.08 
  2922   1251075507.5080    0     0.08 
  2921   1251075516.5080    0     0.08 
  2920   1251075525.5080    0     0.08 
  2919   1251075534.5080    0     0.08 
  2918   1251075543.5080    0     0.08 
  2917   1251075552.5080    0     0.08 
  2916   1251075561.5080    0     0.08 
  2915   1251075570.5080    0     0.08 
  2914   1251075579.5080    0     0.08 
  2913   1251075588.5080    0     0.08 
  2912   1251075597.5080    0     0.08 
  2911   1251075606.5080    0     0.07 
  2910   1251075615.5080    0     0.07 
  2909   1251075624.5080    0     0.07 
  2908   1251075633.5080    0     0.07 
  2907   1251075642.5080    0     0.07 
  2906   1251075651.5080    0     0.07 
  2905   1251075660.5080    0     0.07 
  2904   1251075669.5080    0     0.07 
  2903   1251075678.5080    0     0.07 
  2902   1251075687.5080    0     0.07 
  2901   1251075696.5080    0     0.07 
  2900   1251075705.5080    0     0.07 
  2899   1251075714.5080    0     0.07 
  2898   1251075723.5080    0     0.07 
  2897   1251075732.5080    0     0.07 
  2896   1251075741.5080    0     0.07 
  2895   1251075750.5080    0     0.07 
  2894   1251075759.5080    0     0.07 
  2893   1251075768.5080    0     0.07 
  2892   1251075777.5080    0     0.07 
  2891   1251075786.5080    0     0.07 
  2890   1251075795.5080    0     0.07 
  2889   1251075804.5080    0     0.07 
  2888   1251075813.5080    0     0.07 
  2887   1251075822.5080    0     0.07 
  2886   1251075831.5080    0     0.07 
  2885   1251075840.5080    0     0.07 
  2884   1251075849.5080    0     0.07 
  2883   1251075858.5080    0     0.07 
  2882   1251075867.5080    0     0.07 
  2881   1251075876.5080    0     0.07 
  2880   1251075885.5080    0     0.07 
  2879   1251075894.5080    0     0.07 
  2878   1251075903.5080    0     0.07 
  2877   1251075912.5080    0     0.07 
  2876   1251075921.5080    0     0.07 
  2875   1251075930.5080    0     0.07 
  2874   1251075939.5080    0     0.07 
  2873   1251075948.5080    0     0.07 
  2872   1251075957.5080    0     0.07 
  2871   1251075966.5080    0     0.07 
  2870   1251075975.5080    0     0.07 
  2869   1251075984.5080    0     0.07 
  2868   1251075993.5080    0     0.07 
  2867   1251076002.5080    0     0.07 
  2866   1251076011.5080    0     0.07 
  2865   1251076020.5080    0     0.07 
  2864   1251076029.5080    0     0.07 
  2863   1251076038.5080    0     0.07 
  2862   1251076047.5080    0     0.07 
  2861   1251076056.5080    0     0.07 
  2860   1251076065.5080    0     0.07 
  2859   1251076074.5080    0     0.07 
  2858   1251076083.5080    0     0.07 
  2857   1251076092.5080    0     0.07 
  2856   1251076101.5080    0     0.07 
  2855   1251076110.5080    0     0.07 
  2854   1251076119.5080    0     0.07 
  2853   1251076128.5080    0     0.07 
  2852   1251076137.5080    0     0.07 
  2851   1251076146.5080    0     0.07 
  2850   1251076155.5080    0     0.07 
  2849   1251076164.5080    0     0.07 
  2848   1251076173.5080    0     0.07 
  2847   1251076182.5080    0     0.07 
  2846   1251076191.5080    0     0.07 
  2845   1251076200.5080    0     0.09 
  2844   1251076209.5080    0     0.09 
  2843   1251076218.5080    0     0.09 
  2842   1251076227.5080    0     0.09 
  2841   1251076236.5080    0     0.09 
  2840   1251076245.5080    0     0.09 
  2839   1251076254.5080    0     0.09 
  2838   1251076263.5080    0     0.09 
  2837   1251076272.5080    0     0.09 
  2836   1251076281.5080    0     0.09 
  2835   1251076290.5080    0     0.09 
  2834   1251076299.5080    0     0.09 
  2833   1251076308.5080    0     0.09 
  2832   1251076317.5080    0     0.09 
  2831   1251076326.5080    0     0.09 
  2830   1251076335.5080    0     0.09 
  2829   1251076344.5080    0     0.09 
  2828   1251076353.5080    0     0.09 
  2827   1251076362.5080    0     0.09 
  2826   1251076371.5080    0     0.09 
  2825   1251076380.5080    0     0.09 
  2824   1251076389.5080    0     0.09 
  2823   1251076398.5080    0     0.09 
  2822   1251076407.5080    0     0.09 
  2821   1251076416.5080    0     0.09 
  2820   1251076425.5080    0     0.09 
  2819   1251076434.5080    0     0.09 
  2818   1251076443.5080    0     0.09 
  2817   1251076452.5080    0     0.09 
  2816   1251076461.5080    0     0.09 
  2815   1251076470.5080    0     0.09 
  2814   1251076479.5080    0     0.09 
  2813   1251076488.5080    0     0.09 
  2812   1251076497.5080    0     0.09 
  2811   1251076506.5080    0     0.09 
  2810   1251076515.5080    0     0.09 
  2809   1251076524.5080    0     0.09 
  2808   1251076533.5080    0     0.09 
  2807   1251076542.5080    0     0.09 
  2806   1251076551.5080    0     0.09 
  2805   1251076560.5080    0     0.09 
  2804   1251076569.5080    0     0.09 
  2803   1251076578.5080    0     0.09 
  2802   1251076587.5080    0     0.09 
  2801   1251076596.5080    0     0.09 
  2800   1251076605.5080    0     0.09 
  2799   1251076614.5080    0     0.09 
  2798   1251076623.5080    0     0.09 
  2797   1251076632.5080    0     0.09 
  2796   1251076641.5080    0     0.09 
  2795   1251076650.5080    0     0.09 
  2794   1251076659.5080    0     0.09 
  2793   1251076668.5080    0     0.09 
  2792   1251076677.5080    0     0.09 
  2791   1251076686.5080    0     0.09 
  2790   1251076695.5080    0     0.09 
  2789   1251076704.5080    0     0.09 
  2788   1251076713.5080    0     0.09 
  2787   1251076722.5080    0     0.09 
  2786   1251076731.5080    0     0.09 
  2785   1251076740.5080    0     0.09 
  2784   1251076749.5080    0     0.09 
  2783   1251076758.5080    0     0.09 
  2782   1251076767.5080    0     0.09 
  2781   1251076776.5080    0     0.09 
  2780   1251076785.5080    0     0.09 
  2779   1251076794.5080    0     0.09 
  2778   1251076803.5080    0     0.15 
  2777   1251076812.5080    0     0.15 
  2776   1251076821.5080    0     0.15 
  2775   1251076830.5080    0     0.15 
  2774   1251076839.5080    0     0.15 
  2773   1251076848.5080    0     0.15 
  2772   1251076857.5080    0     0.15 
  2771   1251076866.5080    0     0.15 
  2770   1251076875.5080    0     0.15 
  2769   1251076884.5080    0     0.15 
  2768   1251076893.5080    0     0.15 
  2767   1251076902.5080    0     0.15 
  2766   1251076911.5080    0     0.15 
  2765   1251076920.5080    0     0.15 
  2764   1251076929.5080    0     0.15 
  2763   1251076938.5080    0     0.15 
  2762   1251076947.5080    0     0.15 
  2761   1251076956.5080    0     0.15 
  2760   1251076965.5080    0     0.15 
  2759   1251076974.5080    0     0.15 
  2758   1251076983.5080    0     0.15 
  2757   1251076992.5080    0     0.15 
  2756   1251077001.5080    0     0.15 
  2755   1251077010.5080    0     0.15 
  2754   1251077019.5080    0     0.15 
  2753   1251077028.5080    0     0.15 
  2752   1251077037.5080    0     0.15 
  2751   1251077046.5080    0     0.15 
  2750   1251077055.5080    0     0.15 
  2749   1251077064.5080    0     0.15 
  2748   1251077073.5080    0     0.15 
  2747   1251077082.5080    0     0.15 
  2746   1251077091.5080    0     0.15 
  2745   1251077100.5080    0     0.15 
  2744   1251077109.5080    0     0.15 
  2743   1251077118.5080    0     0.15 
  2742   1251077127.5080    0     0.15 
  2741   1251077136.5080    0     0.15 
  2740   1251077145.5080    0     0.15 
  2739   1251077154.5080    0     0.15 
  2738   1251077163.5080    0     0.15 
  2737   1251077172.5080    0     0.15 
  2736   1251077181.5080    0     0.15 
  2735   1251077190.5080    0     0.15 
  2734   1251077199.5080    0     0.15 
  2733   1251077208.5080    0     0.15 
  2732   1251077217.5080    0     0.15 
  2731   1251077226.5080    0     0.15 
  2730   1251077235.5080    0     0.15 
  2729   1251077244.5080    0     0.15 
  2728   1251077253.5080    0     0.15 
  2727   1251077262.5080    0     0.15 
  2726   1251077271.5080    0     0.15 
  2725   1251077280.5080    0     0.15 
  2724   1251077289.5080    0     0.15 
  2723   1251077298.5080    0     0.15 
  2722   1251077307.5080    0     0.15 
  2721   1251077316.5080    0     0.15 
  2720   1251077325.5080    0     0.15 
  2719   1251077334.5080    0     0.15 
  2718   1251077343.5080    0     0.15 
  2717   1251077352.5080    0     0.15 
  2716   1251077361.5080    0     0.15 
  2715   1251077370.5080    0     0.15 
  2714   1251077379.5080    0     0.15 
  2713   1251077388.5080    0     0.15 
  2712   1251077397.5080    0     0.15 
  2711   1251077406.5080    0     0.14 
  2710   1251077415.5080    0     0.14 
  2709   1251077424.5080    0     0.14 
  2708   1251077433.5080    0     0.14 
  2707   1251077442.5080    0     0.14 
  2706   1251077451.5080    0     0.14 
  2705   1251077460.5080    0     0.14 
  2704   1251077469.5080    0     0.14 
  2703   1251077478.5080    0     0.14 
  2702   1251077487.5080    0     0.14 
  2701   1251077496.5080    0     0.14 
  2700   1251077505.5080    0     0.14 
  2699   1251077514.5080    0     0.14 
  2698   1251077523.5080    0     0.14 
  2697   1251077532.5080    0     0.14 
  2696   1251077541.5080    0     0.14 
  2695   1251077550.5080    0     0.14 
  2694   1251077559.5080    0     0.14 
  2693   1251077568.5080    0     0.14 
  2692   1251077577.5080    0     0.14 
  2691   1251077586.5080    0     0.14 
  2690   1251077595.5080    0     0.14 
  2689   1251077604.5080    0     0.14 
  2688   1251077613.5080    0     0.14 
  2687   1251077622.5080    0     0.14 
  2686   1251077631.5080    0     0.14 
  2685   1251077640.5080    0     0.14 
  2684   1251077649.5080    0     0.14 
  2683   1251077658.5080    0     0.14 
  2682   1251077667.5080    0     0.14 
  2681   1251077676.5080    0     0.14 
  2680   1251077685.5080    0     0.14 
  2679   1251077694.5080    0     0.14 
  2678   1251077703.5080    0     0.14 
  2677   1251077712.5080    0     0.14 
  2676   1251077721.5080    0     0.14 
  2675   1251077730.5080    0     0.14 
  2674   1251077739.5080    0     0.14 
  2673   1251077748.5080    0     0.14 
  2672   1251077757.5080    0     0.14 
  2671   1251077766.5080    0     0.14 
  2670   1251077775.5080    0     0.14 
  2669   1251077784.5080    0     0.14 
  2668   1251077793.5080    0     0.14 
  2667   1251077802.5080    0     0.14 
  2666   1251077811.5080    0     0.14 
  2665   1251077820.5080    0     0.14 
  2664   1251077829.5080    0     0.14 
  2663   1251077838.5080    0     0.14 
  2662   1251077847.5080    0     0.14 
  2661   1251077856.5080    0     0.14 
  2660   1251077865.5080    0     0.14 
  2659   1251077874.5080    0     0.14 
  2658   1251077883.5080    0     0.14 
  2657   1251077892.5080    0     0.14 
  2656   1251077901.5080    0     0.14 
  2655   1251077910.5080    0     0.14 
  2654   1251077919.5080    0     0.14 
  2653   1251077928.5080    0     0.14 
  2652   1251077937.5080    0     0.14 
  2651   1251077946.5080    0     0.14 
  2650   1251077955.5080    0     0.14 
  2649   1251077964.5080    0     0.14 
  2648   1251077973.5080    0     0.14 
  2647   1251077982.5080    0     0.14 
  2646   1251077991.5080    0     0.14 
  2645   1251078000.5080    0     0.18 
  2644   1251078009.5080    0     0.18 
  2643   1251078018.5080    0     0.18 
  2642   1251078027.5080    0     0.18 
  2641   1251078036.5080    0     0.18 
  2640   1251078045.5080    0     0.18 
  2639   1251078054.5080    0     0.18 
  2638   1251078063.5080    0     0.18 
  2637   1251078072.5080    0     0.18 
  2636   1251078081.5080    0     0.18 
  2635   1251078090.5080    0     0.18 
  2634   1251078099.5080    0     0.18 
  2633   1251078108.5080    0     0.18 
  2632   1251078117.5080    0     0.18 
  2631   1251078126.5080    0     0.18 
  2630   1251078135.5080    0     0.18 
  2629   1251078144.5080    0     0.18 
  2628   1251078153.5080    0     0.18 
  2627   1251078162.5080    0     0.18 
  2626   1251078171.5080    0     0.18 
  2625   1251078180.5080    0     0.18 
  2624   1251078189.5080    0     0.18 
  2623   1251078198.5080    0     0.18 
  2622   1251078207.5080    0     0.18 
  2621   1251078216.5080    0     0.18 
  2620   1251078225.5080    0     0.18 
  2619   1251078234.5080    0     0.18 
  2618   1251078243.5080    0     0.18 
  2617   1251078252.5080    0     0.18 
  2616   1251078261.5080    0     0.18 
  2615   1251078270.5080    0     0.18 
  2614   1251078279.5080    0     0.18 
  2613   1251078288.5080    0     0.18 
  2612   1251078297.5080    0     0.18 
  2611   1251078306.5080    0     0.18 
  2610   1251078315.5080    0     0.18 
  2609   1251078324.5080    0     0.18 
  2608   1251078333.5080    0     0.18 
  2607   1251078342.5080    0     0.18 
  2606   1251078351.5080    0     0.18 
  2605   1251078360.5080    0     0.18 
  2604   1251078369.5080    0     0.18 
  2603   1251078378.5080    0     0.18 
  2602   1251078387.5080    0     0.18 
  2601   1251078396.5080    0     0.18 
  2600   1251078405.5080    0     0.18 
  2599   1251078414.5080    0     0.18 
  2598   1251078423.5080    0     0.18 
  2597   1251078432.5080    0     0.18 
  2596   1251078441.5080    0     0.18 
  2595   1251078450.5080    0     0.18 
  2594   1251078459.5080    0     0.18 
  2593   1251078468.5080    0     0.18 
  2592   1251078477.5080    0     0.18 
  2591   1251078486.5080    0     0.18 
  2590   1251078495.5080    0     0.18 
  2589   1251078504.5080    0     0.18 
  2588   1251078513.5080    0     0.18 
  2587   1251078522.5080    0     0.18 
  2586   1251078531.5080    0     0.18 
  2585   1251078540.5080    0     0.18 
  2584   1251078549.5080    0     0.18 
  2583   1251078558.5080    0     0.18 
  2582   1251078567.5080    0     0.18 
  2581   1251078576.5080    0     0.18 
  2580   1251078585.5080    0     0.18 
  2579   1251078594.5080    0     0.18 
  2578   1251078603.5080    0     0.18 
  2577   1251078612.5080    0     0.18 
  2576   1251078621.5080    0     0.18 
  2575   1251078630.5080    0     0.18 
  2574   1251078639.5080    0     0.18 
  2573   1251078648.5080    0     0.18 
  2572   1251078657.5080    0     0.18 
  2571   1251078666.5080    0     0.18 
  2570   1251078675.5080    0     0.18 
  2569   1251078684.5080    0     0.18 
  2568   1251078693.5080    0     0.18 
  2567   1251078702.5080    0     0.18 
  2566   1251078711.5080    0     0.18 
  2565   1251078720.5080    0     0.18 
  2564   1251078729.5080    0     0.18 
  2563   1251078738.5080    0     0.18 
  2562   1251078747.5080    0     0.18 
  2561   1251078756.5080    0     0.18 
  2560   1251078765.5080    0     0.18 
  2559   1251078774.5080    0     0.18 
  2558   1251078783.5080    0     0.18 
  2557   1251078792.5080    0     0.18 
  2556   1251078801.5080    0     0.18 
  2555   1251078810.5080    0     0.18 
  2554   1251078819.5080    0     0.18 
  2553   1251078828.5080    0     0.18 
  2552   1251078837.5080    0     0.18 
  2551   1251078846.5080    0     0.18 
  2550   1251078855.5080    0     0.18 
  2549   1251078864.5080    0     0.18 
  2548   1251078873.5080    0     0.18 
  2547   1251078882.5080    0     0.18 
  2546   1251078891.5080    0     0.18 
  2545   1251078900.5080    0     0.18 
  2544   1251078909.5080    0     0.18 
  2543   1251078918.5080    0     0.18 
  2542   1251078927.5080    0     0.18 
  2541   1251078936.5080    0     0.18 
  2540   1251078945.5080    0     0.18 
  2539   1251078954.5080    0     0.18 
  2538   1251078963.5080    0     0.18 
  2537   1251078972.5080    0     0.18 
  2536   1251078981.5080    0     0.18 
  2535   1251078990.5080    0     0.18 
  2534   1251078999.5080    0     0.18 
  2533   1251079008.5080    0     0.18 
  2532   1251079017.5080    0     0.18 
  2531   1251079026.5080    0     0.18 
  2530   1251079035.5080    0     0.18 
  2529   1251079044.5080    0     0.18 
  2528   1251079053.5080    0     0.18 
  2527   1251079062.5080    0     0.18 
  2526   1251079071.5080    0     0.18 
  2525   1251079080.5080    0     0.18 
  2524   1251079089.5080    0     0.18 
  2523   1251079098.5080    0     0.18 
  2522   1251079107.5080    0     0.18 
  2521   1251079116.5080    0     0.18 
  2520   1251079125.5080    0     0.18 
  2519   1251079134.5080    0     0.18 
  2518   1251079143.5080    0     0.18 
  2517   1251079152.5080    0     0.18 
  2516   1251079161.5080    0     0.18 
  2515   1251079170.5080    0     0.18 
  2514   1251079179.5080    0     0.18 
  2513   1251079188.5080    0     0.18 
  2512   1251079197.5080    0     0.18 
  2511   1251079206.5080    0     0.19 
  2510   1251079215.5080    0     0.19 
  2509   1251079224.5080    0     0.19 
  2508   1251079233.5080    0     0.19 
  2507   1251079242.5080    0     0.19 
  2506   1251079251.5080    0     0.19 
  2505   1251079260.5080    0     0.19 
  2504   1251079269.5080    0     0.19 
  2503   1251079278.5080    0     0.19 
  2502   1251079287.5080    0     0.19 
  2501   1251079296.5080    0     0.19 
  2500   1251079305.5080    0     0.19 
  2499   1251079314.5080    0     0.19 
  2498   1251079323.5080    0     0.19 
  2497   1251079332.5080    0     0.19 
  2496   1251079341.5080    0     0.19 
  2495   1251079350.5080    0     0.19 
  2494   1251079359.5080    0     0.19 
  2493   1251079368.5080    0     0.19 
  2492   1251079377.5080    0     0.19 
  2491   1251079386.5080    0     0.19 
  2490   1251079395.5080    0     0.19 
  2489   1251079404.5080    0     0.19 
  2488   1251079413.5080    0     0.19 
  2487   1251079422.5080    0     0.19 
  2486   1251079431.5080    0     0.19 
  2485   1251079440.5080    0     0.19 
  2484   1251079449.5080    0     0.19 
  2483   1251079458.5080    0     0.19 
  2482   1251079467.5080    0     0.19 
  2481   1251079476.5080    0     0.19 
  2480   1251079485.5080    0     0.19 
  2479   1251079494.5080    0     0.19 
  2478   1251079503.5080    0     0.19 
  2477   1251079512.5080    0     0.19 
  2476   1251079521.5080    0     0.19 
  2475   1251079530.5080    0     0.19 
  2474   1251079539.5080    0     0.19 
  2473   1251079548.5080    0     0.19 
  2472   1251079557.5080    0     0.19 
  2471   1251079566.5080    0     0.19 
  2470   1251079575.5080    0     0.19 
  2469   1251079584.5080    0     0.19 
  2468   1251079593.5080    0     0.19 
  2467   1251079602.5080    0     0.19 
  2466   1251079611.5080    0     0.19 
  2465   1251079620.5080    0     0.19 
  2464   1251079629.5080    0     0.19 
  2463   1251079638.5080    0     0.19 
  2462   1251079647.5080    0     0.19 
  2461   1251079656.5080    0     0.19 
  2460   1251079665.5080    0     0.19 
  2459   1251079674.5080    0     0.19 
  2458   1251079683.5080    0     0.19 
  2457   1251079692.5080    0     0.19 
  2456   1251079701.5080    0     0.19 
  2455   1251079710.5080    0     0.19 
  2454   1251079719.5080    0     0.19 
  2453   1251079728.5080    0     0.19 
  2452   1251079737.5080    0     0.19 
  2451   1251079746.5080    0     0.19 
  2450   1251079755.5080    0     0.19 
  2449   1251079764.5080    0     0.19 
  2448   1251079773.5080    0     0.19 
  2447   1251079782.5080    0     0.19 
  2446   1251079791.5080    0     0.19 
  2445   1251079800.5080    0     0.24 
  2444   1251079809.5080    0     0.24 
  2443   1251079818.5080    0     0.24 
  2442   1251079827.5080    0     0.24 
  2441   1251079836.5080    0     0.24 
  2440   1251079845.5080    0     0.24 
  2439   1251079854.5080    0     0.24 
  2438   1251079863.5080    0     0.24 
  2437   1251079872.5080    0     0.24 
  2436   1251079881.5080    0     0.24 
  2435   1251079890.5080    0     0.24 
  2434   1251079899.5080    0     0.24 
  2433   1251079908.5080    0     0.24 
  2432   1251079917.5080    0     0.24 
  2431   1251079926.5080    0     0.24 
  2430   1251079935.5080    0     0.24 
  2429   1251079944.5080    0     0.24 
  2428   1251079953.5080    0     0.24 
  2427   1251079962.5080    0     0.24 
  2426   1251079971.5080    0     0.24 
  2425   1251079980.5080    0     0.24 
  2424   1251079989.5080    0     0.24 
  2423   1251079998.5080    0     0.24 
  2422   1251080007.5080    0     0.24 
  2421   1251080016.5080    0     0.24 
  2420   1251080025.5080    0     0.24 
  2419   1251080034.5080    0     0.24 
  2418   1251080043.5080    0     0.24 
  2417   1251080052.5080    0     0.24 
  2416   1251080061.5080    0     0.24 
  2415   1251080070.5080    0     0.24 
  2414   1251080079.5080    0     0.24 
  2413   1251080088.5080    0     0.24 
  2412   1251080097.5080    0     0.24 
  2411   1251080106.5080    0     0.24 
  2410   1251080115.5080    0     0.24 
  2409   1251080124.5080    0     0.24 
  2408   1251080133.5080    0     0.24 
  2407   1251080142.5080    0     0.24 
  2406   1251080151.5080    0     0.24 
  2405   1251080160.5080    0     0.24 
  2404   1251080169.5080    0     0.24 
  2403   1251080178.5080    0     0.24 
  2402   1251080187.5080    0     0.24 
  2401   1251080196.5080    0     0.24 
  2400   1251080205.5080    0     0.24 
  2399   1251080214.5080    0     0.24 
  2398   1251080223.5080    0     0.24 
  2397   1251080232.5080    0     0.24 
  2396   1251080241.5080    0     0.24 
  2395   1251080250.5080    0     0.24 
  2394   1251080259.5080    0     0.24 
  2393   1251080268.5080    0     0.24 
  2392   1251080277.5080    0     0.24 
  2391   1251080286.5080    0     0.24 
  2390   1251080295.5080    0     0.24 
  2389   1251080304.5080    0     0.24 
  2388   1251080313.5080    0     0.24 
  2387   1251080322.5080    0     0.24 
  2386   1251080331.5080    0     0.24 
  2385   1251080340.5080    0     0.24 
  2384   1251080349.5080    0     0.24 
  2383   1251080358.5080    0     0.24 
  2382   1251080367.5080    0     0.24 
  2381   1251080376.5080    0     0.24 
  2380   1251080385.5080    0     0.24 
  2379   1251080394.5080    0     0.24 
  2378   1251080403.5080    0     0.26 
  2377   1251080412.5080    0     0.26 
  2376   1251080421.5080    0     0.26 
  2375   1251080430.5080    0     0.26 
  2374   1251080439.5080    0     0.26 
  2373   1251080448.5080    0     0.26 
  2372   1251080457.5080    0     0.26 
  2371   1251080466.5080    0     0.26 
  2370   1251080475.5080    0     0.26 
  2369   1251080484.5080    0     0.26 
  2368   1251080493.5080    0     0.26 
  2367   1251080502.5080    0     0.26 
  2366   1251080511.5080    0     0.26 
  2365   1251080520.5080    0     0.26 
  2364   1251080529.5080    0     0.26 
  2363   1251080538.5080    0     0.26 
  2362   1251080547.5080    0     0.26 
  2361   1251080556.5080    0     0.26 
  2360   1251080565.5080    0     0.26 
  2359   1251080574.5080    0     0.26 
  2358   1251080583.5080    0     0.26 
  2357   1251080592.5080    0     0.26 
  2356   1251080601.5080    0     0.26 
  2355   1251080610.5080    0     0.26 
  2354   1251080619.5080    0     0.26 
  2353   1251080628.5080    0     0.26 
  2352   1251080637.5080    0     0.26 
  2351   1251080646.5080    0     0.26 
  2350   1251080655.5080    0     0.26 
  2349   1251080664.5080    0     0.26 
  2348   1251080673.5080    0     0.26 
  2347   1251080682.5080    0     0.26 
  2346   1251080691.5080    0     0.26 
  2345   1251080700.5080    0     0.26 
  2344   1251080709.5080    0     0.26 
  2343   1251080718.5080    0     0.26 
  2342   1251080727.5080    0     0.26 
  2341   1251080736.5080    0     0.26 
  2340   1251080745.5080    0     0.26 
  2339   1251080754.5080    0     0.26 
  2338   1251080763.5080    0     0.26 
  2337   1251080772.5080    0     0.26 
  2336   1251080781.5080    0     0.26 
  2335   1251080790.5080    0     0.26 
  2334   1251080799.5080    0     0.26 
  2333   1251080808.5080    0     0.26 
  2332   1251080817.5080    0     0.26 
  2331   1251080826.5080    0     0.26 
  2330   1251080835.5080    0     0.26 
  2329   1251080844.5080    0     0.26 
  2328   1251080853.5080    0     0.26 
  2327   1251080862.5080    0     0.26 
  2326   1251080871.5080    0     0.26 
  2325   1251080880.5080    0     0.26 
  2324   1251080889.5080    0     0.26 
  2323   1251080898.5080    0     0.26 
  2322   1251080907.5080    0     0.26 
  2321   1251080916.5080    0     0.26 
  2320   1251080925.5080    0     0.26 
  2319   1251080934.5080    0     0.26 
  2318   1251080943.5080    0     0.26 
  2317   1251080952.5080    0     0.26 
  2316   1251080961.5080    0     0.26 
  2315   1251080970.5080    0     0.26 
  2314   1251080979.5080    0     0.26 
  2313   1251080988.5080    0     0.26 
  2312   1251080997.5080    0     0.26 
  2311   1251081006.5080    0     0.28 
  2310   1251081015.5080    0     0.28 
  2309   1251081024.5080    0     0.28 
  2308   1251081033.5080    0     0.28 
  2307   1251081042.5080    0     0.28 
  2306   1251081051.5080    0     0.28 
  2305   1251081060.5080    0     0.28 
  2304   1251081069.5080    0     0.28 
  2303   1251081078.5080    0     0.28 
  2302   1251081087.5080    0     0.28 
  2301   1251081096.5080    0     0.28 
  2300   1251081105.5080    0     0.28 
  2299   1251081114.5080    0     0.28 
  2298   1251081123.5080    0     0.28 
  2297   1251081132.5080    0     0.28 
  2296   1251081141.5080    0     0.28 
  2295   1251081150.5080    0     0.28 
  2294   1251081159.5080    0     0.28 
  2293   1251081168.5080    0     0.28 
  2292   1251081177.5080    0     0.28 
  2291   1251081186.5080    0     0.28 
  2290   1251081195.5080    0     0.28 
  2289   1251081204.5080    0     0.28 
  2288   1251081213.5080    0     0.28 
  2287   1251081222.5080    0     0.28 
  2286   1251081231.5080    0     0.28 
  2285   1251081240.5080    0     0.28 
  2284   1251081249.5080    0     0.28 
  2283   1251081258.5080    0     0.28 
  2282   1251081267.5080    0     0.28 
  2281   1251081276.5080    0     0.28 
  2280   1251081285.5080    0     0.28 
  2279   1251081294.5080    0     0.28 
  2278   1251081303.5080    0     0.28 
  2277   1251081312.5080    0     0.28 
  2276   1251081321.5080    0     0.28 
  2275   1251081330.5080    0     0.28 
  2274   1251081339.5080    0     0.28 
  2273   1251081348.5080    0     0.28 
  2272   1251081357.5080    0     0.28 
  2271   1251081366.5080    0     0.28 
  2270   1251081375.5080    0     0.28 
  2269   1251081384.5080    0     0.28 
  2268   1251081393.5080    0     0.28 
  2267   1251081402.5080    0     0.28 
  2266   1251081411.5080    0     0.28 
  2265   1251081420.5080    0     0.28 
  2264   1251081429.5080    0     0.28 
  2263   1251081438.5080    0     0.28 
  2262   1251081447.5080    0     0.28 
  2261   1251081456.5080    0     0.28 
  2260   1251081465.5080    0     0.28 
  2259   1251081474.5080    0     0.28 
  2258   1251081483.5080    0     0.28 
  2257   1251081492.5080    0     0.28 
  2256   1251081501.5080    0     0.28 
  2255   1251081510.5080    0     0.28 
  2254   1251081519.5080    0     0.28 
  2253   1251081528.5080    0     0.28 
  2252   1251081537.5080    0     0.28 
  2251   1251081546.5080    0     0.28 
  2250   1251081555.5080    0     0.28 
  2249   1251081564.5080    0     0.28 
  2248   1251081573.5080    0     0.28 
  2247   1251081582.5080    0     0.28 
  2246   1251081591.5080    0     0.28 
  2245   1251081600.5080    0     0.34 
  2244   1251081609.5080    0     0.34 
  2243   1251081618.5080    0     0.34 
  2242   1251081627.5080    0     0.34 
  2241   1251081636.5080    0     0.34 
  2240   1251081645.5080    0     0.34 
  2239   1251081654.5080    0     0.34 
  2238   1251081663.5080    0     0.34 
  2237   1251081672.5080    0     0.34 
  2236   1251081681.5080    0     0.34 
  2235   1251081690.5080    0     0.34 
  2234   1251081699.5080    0     0.34 
  2233   1251081708.5080    0     0.34 
  2232   1251081717.5080    0     0.34 
  2231   1251081726.5080    0     0.34 
  2230   1251081735.5080    0     0.34 
  2229   1251081744.5080    0     0.34 
  2228   1251081753.5080    0     0.34 
  2227   1251081762.5080    0     0.34 
  2226   1251081771.5080    0     0.34 
  2225   1251081780.5080    0     0.34 
  2224   1251081789.5080    0     0.34 
  2223   1251081798.5080    0     0.34 
  2222   1251081807.5080    0     0.34 
  2221   1251081816.5080    0     0.34 
  2220   1251081825.5080    0     0.34 
  2219   1251081834.5080    0     0.34 
  2218   1251081843.5080    0     0.34 
  2217   1251081852.5080    0     0.34 
  2216   1251081861.5080    0     0.34 
  2215   1251081870.5080    0     0.34 
  2214   1251081879.5080    0     0.34 
  2213   1251081888.5080    0     0.34 
  2212   1251081897.5080    0     0.34 
  2211   1251081906.5080    0     0.34 
  2210   1251081915.5080    0     0.34 
  2209   1251081924.5080    0     0.34 
  2208   1251081933.5080    0     0.34 
  2207   1251081942.5080    0     0.34 
  2206   1251081951.5080    0     0.34 
  2205   1251081960.5080    0     0.34 
  2204   1251081969.5080    0     0.34 
  2203   1251081978.5080    0     0.34 
  2202   1251081987.5080    0     0.34 
  2201   1251081996.5080    0     0.34 
  2200   1251082005.5080    0     0.34 
  2199   1251082014.5080    0     0.34 
  2198   1251082023.5080    0     0.34 
  2197   1251082032.5080    0     0.34 
  2196   1251082041.5080    0     0.34 
  2195   1251082050.5080    0     0.34 
  2194   1251082059.5080    0     0.34 
  2193   1251082068.5080    0     0.34 
  2192   1251082077.5080    0     0.34 
  2191   1251082086.5080    0     0.34 
  2190   1251082095.5080    0     0.34 
  2189   1251082104.5080    0     0.34 
  2188   1251082113.5080    0     0.34 
  2187   1251082122.5080    0     0.34 
  2186   1251082131.5080    0     0.34 
  2185   1251082140.5080    0     0.34 
  2184   1251082149.5080    0     0.34 
  2183   1251082158.5080    0     0.34 
  2182   1251082167.5080    0     0.34 
  2181   1251082176.5080    0     0.34 
  2180   1251082185.5080    0     0.34 
  2179   1251082194.5080    0     0.34 
  2178   1251082203.5080    0     0.34 
  2177   1251082212.5080    0     0.34 
  2176   1251082221.5080    0     0.34 
  2175   1251082230.5080    0     0.34 
  2174   1251082239.5080    0     0.34 
  2173   1251082248.5080    0     0.34 
  2172   1251082257.5080    0     0.34 
  2171   1251082266.5080    0     0.34 
  2170   1251082275.5080    0     0.34 
  2169   1251082284.5080    0     0.34 
  2168   1251082293.5080    0     0.34 
  2167   1251082302.5080    0     0.34 
  2166   1251082311.5080    0     0.34 
  2165   1251082320.5080    0     0.34 
  2164   1251082329.5080    0     0.34 
  2163   1251082338.5080    0     0.34 
  2162   1251082347.5080    0     0.34 
  2161   1251082356.5080    0     0.34 
  2160   1251082365.5080    0     0.34 
  2159   1251082374.5080    0     0.34 
  2158   1251082383.5080    0     0.34 
  2157   1251082392.5080    0     0.34 
  2156   1251082401.5080    0     0.34 
  2155   1251082410.5080    0     0.34 
  2154   1251082419.5080    0     0.34 
  2153   1251082428.5080    0     0.34 
  2152   1251082437.5080    0     0.34 
  2151   1251082446.5080    0     0.34 
  2150   1251082455.5080    0     0.34 
  2149   1251082464.5080    0     0.34 
  2148   1251082473.5080    0     0.34 
  2147   1251082482.5080    0     0.34 
  2146   1251082491.5080    0     0.34 
  2145   1251082500.5080    0     0.34 
  2144   1251082509.5080    0     0.34 
  2143   1251082518.5080    0     0.34 
  2142   1251082527.5080    0     0.34 
  2141   1251082536.5080    0     0.34 
  2140   1251082545.5080    0     0.34 
  2139   1251082554.5080    0     0.34 
  2138   1251082563.5080    0     0.34 
  2137   1251082572.5080    0     0.34 
  2136   1251082581.5080    0     0.34 
  2135   1251082590.5080    0     0.34 
  2134   1251082599.5080    0     0.34 
  2133   1251082608.5080    0     0.34 
  2132   1251082617.5080    0     0.34 
  2131   1251082626.5080    0     0.34 
  2130   1251082635.5080    0     0.34 
  2129   1251082644.5080    0     0.34 
  2128   1251082653.5080    0     0.34 
  2127   1251082662.5080    0     0.34 
  2126   1251082671.5080    0     0.34 
  2125   1251082680.5080    0     0.34 
  2124   1251082689.5080    0     0.34 
  2123   1251082698.5080    0     0.34 
  2122   1251082707.5080    0     0.34 
  2121   1251082716.5080    0     0.34 
  2120   1251082725.5080    0     0.34 
  2119   1251082734.5080    0     0.34 
  2118   1251082743.5080    0     0.34 
  2117   1251082752.5080    0     0.34 
  2116   1251082761.5080    0     0.34 
  2115   1251082770.5080    0     0.34 
  2114   1251082779.5080    0     0.34 
  2113   1251082788.5080    0     0.34 
  2112   1251082797.5080    0     0.34 
  2111   1251082806.5080    0     0.35 
  2110   1251082815.5080    0     0.35 
  2109   1251082824.5080    0     0.35 
  2108   1251082833.5080    0     0.35 
  2107   1251082842.5080    0     0.35 
  2106   1251082851.5080    0     0.35 
  2105   1251082860.5080    0     0.35 
  2104   1251082869.5080    0     0.35 
  2103   1251082878.5080    0     0.35 
  2102   1251082887.5080    0     0.35 
  2101   1251082896.5080    0     0.35 
  2100   1251082905.5080    0     0.35 
  2099   1251082914.5080    0     0.35 
  2098   1251082923.5080    0     0.35 
  2097   1251082932.5080    0     0.35 
  2096   1251082941.5080    0     0.35 
  2095   1251082950.5080    0     0.35 
  2094   1251082959.5080    0     0.35 
  2093   1251082968.5080    0     0.35 
  2092   1251082977.5080    0     0.35 
  2091   1251082986.5080    0     0.35 
  2090   1251082995.5080    0     0.35 
  2089   1251083004.5080    0     0.35 
  2088   1251083013.5080    0     0.35 
  2087   1251083022.5080    0     0.35 
  2086   1251083031.5080    0     0.35 
  2085   1251083040.5080    0     0.35 
  2084   1251083049.5080    0     0.35 
  1469   1251096689.0080    0     0.11 
