# UltraTide data for line linechange20x/a20x
#Shot    Time               status  ultraTide 
#Name: ACO.ULTRATIDE1
 10667   1251749335.0040    0     0.11 
 10666   1251749344.0040    0     0.11 
 10665   1251749353.0040    0     0.11 
 10664   1251749362.0040    0     0.11 
 10663   1251749371.0040    0     0.11 
 10662   1251749380.0040    0     0.11 
 10661   1251749389.0040    0     0.11 
 10587   1251749396.2240    0     0.11 
 10586   1251749405.2240    0     0.12 
 10585   1251749414.2240    0     0.12 
 10584   1251749423.2240    0     0.12 
 10583   1251749432.2240    0     0.12 
 10582   1251749441.2240    0     0.12 
 10581   1251749450.2240    0     0.12 
 10580   1251749459.2240    0     0.12 
 10579   1251749468.2240    0     0.12 
 10578   1251749477.2240    0     0.12 
 10577   1251749486.2240    0     0.12 
 10576   1251749495.2240    0     0.12 
 10575   1251749504.2240    0     0.12 
 10574   1251749513.2240    0     0.12 
 10573   1251749522.2240    0     0.12 
 10572   1251749531.2240    0     0.12 
 10571   1251749540.2240    0     0.12 
 10570   1251749549.2240    0     0.12 
 10569   1251749558.2240    0     0.12 
 10567   1251749576.2240    0     0.12 
 10566   1251749585.2240    0     0.12 
 10565   1251749594.2240    0     0.12 
 10564   1251749603.2240    0     0.12 
 10563   1251749612.2240    0     0.12 
 10562   1251749621.2240    0     0.12 
 10561   1251749630.2240    0     0.12 
 10560   1251749639.2240    0     0.12 
 10559   1251749648.2240    0     0.12 
 10558   1251749657.2240    0     0.12 
 10557   1251749666.2240    0     0.12 
 10556   1251749675.2240    0     0.12 
 10465   1251749786.7200    0     0.12 
 10464   1251749795.7200    0     0.12 
 10463   1251749804.7200    0     0.12 
 10462   1251749813.7200    0     0.12 
 10461   1251749822.7200    0     0.12 
 10460   1251749831.7200    0     0.12 
 10459   1251749840.7200    0     0.12 
 10458   1251749849.7200    0     0.12 
 10457   1251749858.7200    0     0.12 
 10456   1251749867.7200    0     0.12 
 10455   1251749876.7200    0     0.12 
 10454   1251749885.7200    0     0.12 
 10453   1251749894.7200    0     0.12 
 10452   1251749903.7200    0     0.12 
 10451   1251749912.7200    0     0.12 
 10450   1251749921.7200    0     0.12 
 10449   1251749930.7200    0     0.12 
 10448   1251749939.7200    0     0.12 
 10447   1251749948.7200    0     0.12 
 10446   1251749957.7200    0     0.12 
 10445   1251749966.7200    0     0.12 
 10444   1251749975.7200    0     0.12 
 10443   1251749984.7200    0     0.12 
 10442   1251749993.7200    0     0.12 
 10441   1251750002.7200    0     0.14 
 10440   1251750011.7200    0     0.14 
 10439   1251750020.7200    0     0.14 
 10438   1251750029.7200    0     0.14 
 10437   1251750038.7200    0     0.14 
 10436   1251750047.7200    0     0.14 
 10435   1251750056.7200    0     0.14 
 10434   1251750065.7200    0     0.14 
 10433   1251750074.7200    0     0.14 
 10432   1251750083.7200    0     0.14 
 10431   1251750092.7200    0     0.14 
 10430   1251750101.7200    0     0.14 
 10429   1251750110.7200    0     0.14 
 10428   1251750119.7200    0     0.14 
 10427   1251750128.7200    0     0.14 
 10426   1251750137.7200    0     0.14 
 10425   1251750146.7200    0     0.14 
 10424   1251750155.7200    0     0.14 
 10423   1251750164.7200    0     0.14 
 10422   1251750173.7200    0     0.14 
 10421   1251750182.7200    0     0.14 
 10420   1251750191.7200    0     0.14 
 10419   1251750200.7200    0     0.14 
 10418   1251750209.7200    0     0.14 
 10417   1251750218.7200    0     0.14 
 10416   1251750227.7200    0     0.14 
 10415   1251750236.7200    0     0.14 
 10414   1251750245.7200    0     0.14 
 10413   1251750254.7200    0     0.14 
 10412   1251750263.7200    0     0.14 
 10411   1251750272.7200    0     0.14 
 10410   1251750281.7200    0     0.14 
 10409   1251750290.7200    0     0.14 
 10408   1251750299.7200    0     0.14 
 10407   1251750308.7200    0     0.14 
 10406   1251750317.7200    0     0.14 
 10405   1251750326.7200    0     0.14 
 10404   1251750335.7200    0     0.14 
 10403   1251750344.7200    0     0.14 
 10402   1251750353.7200    0     0.14 
 10401   1251750362.7200    0     0.14 
 10400   1251750371.7200    0     0.14 
 10399   1251750380.7200    0     0.14 
 10398   1251750389.7200    0     0.14 
 10397   1251750398.7200    0     0.14 
 10396   1251750407.7200    0     0.14 
 10395   1251750416.7200    0     0.14 
 10394   1251750425.7200    0     0.14 
 10393   1251750434.7200    0     0.14 
 10392   1251750443.7200    0     0.14 
 10391   1251750452.7200    0     0.14 
 10390   1251750461.7200    0     0.14 
 10389   1251750470.7200    0     0.14 
 10388   1251750479.7200    0     0.14 
 10387   1251750488.7200    0     0.14 
 10386   1251750497.7200    0     0.14 
 10385   1251750506.7200    0     0.14 
 10384   1251750515.7200    0     0.14 
 10383   1251750524.7200    0     0.14 
 10382   1251750533.7200    0     0.14 
 10381   1251750542.7200    0     0.14 
 10380   1251750551.7200    0     0.14 
 10379   1251750560.7200    0     0.14 
 10378   1251750569.7200    0     0.14 
 10377   1251750578.7200    0     0.14 
 10376   1251750587.7200    0     0.14 
 10375   1251750596.7200    0     0.14 
 10374   1251750605.7200    0     0.15 
 10373   1251750614.7200    0     0.15 
 10372   1251750623.7200    0     0.15 
 10371   1251750632.7200    0     0.15 
 10370   1251750641.7200    0     0.15 
 10369   1251750650.7200    0     0.15 
 10368   1251750659.7200    0     0.15 
 10367   1251750668.7200    0     0.15 
 10366   1251750677.7200    0     0.15 
 10365   1251750686.7200    0     0.15 
 10364   1251750695.7200    0     0.15 
 10363   1251750704.7200    0     0.15 
 10362   1251750713.7200    0     0.15 
 10361   1251750722.7200    0     0.15 
 10360   1251750731.7200    0     0.15 
 10359   1251750740.7200    0     0.15 
 10358   1251750749.7200    0     0.15 
 10357   1251750758.7200    0     0.15 
 10356   1251750767.7200    0     0.15 
 10355   1251750776.7200    0     0.15 
 10354   1251750785.7200    0     0.15 
 10353   1251750794.7200    0     0.15 
 10352   1251750803.7200    0     0.15 
 10351   1251750812.7200    0     0.15 
 10350   1251750821.7200    0     0.15 
 10349   1251750830.7200    0     0.15 
 10348   1251750839.7200    0     0.15 
 10347   1251750848.7200    0     0.15 
 10346   1251750857.7200    0     0.15 
 10345   1251750866.7200    0     0.15 
 10344   1251750875.7200    0     0.15 
 10343   1251750884.7200    0     0.15 
 10342   1251750893.7200    0     0.15 
 10341   1251750902.7200    0     0.15 
 10340   1251750911.7200    0     0.15 
 10339   1251750920.7200    0     0.15 
 10338   1251750929.7200    0     0.15 
 10337   1251750938.7200    0     0.15 
 10336   1251750947.7200    0     0.15 
 10335   1251750956.7200    0     0.15 
 10334   1251750965.7200    0     0.15 
 10333   1251750974.7200    0     0.15 
 10332   1251750983.7200    0     0.15 
 10331   1251750992.7200    0     0.15 
 10330   1251751001.7200    0     0.15 
 10329   1251751010.7200    0     0.15 
 10328   1251751019.7200    0     0.15 
 10327   1251751028.7200    0     0.15 
 10326   1251751037.7200    0     0.15 
 10325   1251751046.7200    0     0.15 
 10324   1251751055.7200    0     0.15 
 10323   1251751064.7200    0     0.15 
 10322   1251751073.7200    0     0.15 
  9979   1251751085.6560    0     0.15 
  9978   1251751088.1560    0     0.15 
  9977   1251751090.6560    0     0.15 
  9976   1251751093.1560    0     0.15 
  9975   1251751095.6560    0     0.15 
  9974   1251751098.1560    0     0.15 
  9973   1251751100.6560    0     0.15 
  9972   1251751103.1560    0     0.15 
  9971   1251751105.6560    0     0.15 
  9970   1251751108.1560    0     0.15 
  9969   1251751110.6560    0     0.15 
  9968   1251751113.1560    0     0.15 
  9967   1251751115.6560    0     0.15 
  9966   1251751118.1560    0     0.15 
  9965   1251751120.6560    0     0.15 
  9964   1251751123.1560    0     0.15 
  9963   1251751125.6560    0     0.15 
  9962   1251751128.1560    0     0.15 
  9961   1251751130.6560    0     0.15 
  9960   1251751133.1560    0     0.15 
  9959   1251751135.6560    0     0.15 
  9958   1251751138.1560    0     0.15 
  9957   1251751140.6560    0     0.15 
  9956   1251751143.1560    0     0.15 
  9955   1251751145.6560    0     0.15 
  9954   1251751148.1560    0     0.15 
  9953   1251751150.6560    0     0.15 
  9952   1251751153.1560    0     0.15 
  9951   1251751155.6560    0     0.15 
  9950   1251751158.1560    0     0.15 
  9949   1251751160.6560    0     0.15 
  9948   1251751163.1560    0     0.15 
  9947   1251751165.6560    0     0.15 
  9946   1251751168.1560    0     0.15 
  9945   1251751170.6560    0     0.15 
  9944   1251751173.1560    0     0.15 
  9943   1251751175.6560    0     0.15 
  9942   1251751178.1560    0     0.15 
  9941   1251751180.6560    0     0.15 
  9940   1251751183.1560    0     0.15 
  9939   1251751185.6560    0     0.15 
  9938   1251751188.1560    0     0.15 
  9937   1251751190.6560    0     0.15 
  9936   1251751193.1560    0     0.15 
  9935   1251751195.6560    0     0.15 
  9934   1251751198.1560    0     0.15 
  9933   1251751200.6560    0     0.19 
  9932   1251751203.1560    0     0.19 
  9931   1251751205.6560    0     0.19 
  9930   1251751208.1560    0     0.19 
  9929   1251751210.6560    0     0.19 
  9928   1251751213.1560    0     0.19 
  9927   1251751215.6560    0     0.19 
  9926   1251751218.1560    0     0.19 
  9925   1251751220.6560    0     0.19 
  9924   1251751223.1560    0     0.19 
  9923   1251751225.6560    0     0.19 
  9922   1251751228.1560    0     0.19 
  9921   1251751230.6560    0     0.19 
  9920   1251751233.1560    0     0.19 
  9919   1251751235.6560    0     0.19 
  9918   1251751238.1560    0     0.19 
  9917   1251751240.6560    0     0.19 
  9916   1251751243.1560    0     0.19 
  9915   1251751245.6560    0     0.19 
  9914   1251751248.1560    0     0.19 
  9913   1251751250.6560    0     0.19 
  9912   1251751253.1560    0     0.19 
  9911   1251751255.6560    0     0.19 
  9910   1251751258.1560    0     0.19 
  9909   1251751260.6560    0     0.19 
  9908   1251751263.1560    0     0.19 
  9907   1251751265.6560    0     0.19 
  9906   1251751268.1560    0     0.19 
  9905   1251751270.6560    0     0.19 
  9904   1251751273.1560    0     0.19 
  9903   1251751275.6560    0     0.19 
  9902   1251751278.1560    0     0.19 
  9901   1251751280.6560    0     0.19 
  9900   1251751283.1560    0     0.19 
  9899   1251751285.6560    0     0.19 
  9898   1251751288.1560    0     0.19 
  9897   1251751290.6560    0     0.19 
  9896   1251751293.1560    0     0.19 
  9895   1251751295.6560    0     0.19 
  9894   1251751298.1560    0     0.19 
  9893   1251751300.6560    0     0.19 
  9892   1251751303.1560    0     0.19 
  9891   1251751305.6560    0     0.19 
  9890   1251751308.1560    0     0.19 
  9889   1251751310.6560    0     0.19 
  9888   1251751313.1560    0     0.19 
  9887   1251751315.6560    0     0.19 
  9886   1251751318.1560    0     0.19 
  9885   1251751320.6560    0     0.19 
  9884   1251751323.1560    0     0.19 
  9883   1251751325.6560    0     0.19 
  9882   1251751328.1560    0     0.19 
  9881   1251751330.6560    0     0.19 
  9880   1251751333.1560    0     0.19 
  9879   1251751335.6560    0     0.19 
  9878   1251751338.1560    0     0.19 
  9877   1251751340.6560    0     0.19 
  9876   1251751343.1560    0     0.19 
  9875   1251751345.6560    0     0.19 
  9874   1251751348.1560    0     0.19 
  9873   1251751350.6560    0     0.19 
  9872   1251751353.1560    0     0.19 
  9871   1251751355.6560    0     0.19 
  9870   1251751358.1560    0     0.19 
  9869   1251751360.6560    0     0.19 
  9868   1251751363.1560    0     0.19 
  9867   1251751365.6560    0     0.19 
  9866   1251751368.1560    0     0.19 
  9865   1251751370.6560    0     0.19 
  9864   1251751373.1560    0     0.19 
  9863   1251751375.6560    0     0.19 
  9862   1251751378.1560    0     0.19 
  9861   1251751380.6560    0     0.19 
  9860   1251751383.1560    0     0.19 
  9859   1251751385.6560    0     0.19 
  9858   1251751388.1560    0     0.19 
  9857   1251751390.6560    0     0.19 
  9856   1251751393.1560    0     0.19 
  9855   1251751395.6560    0     0.19 
  9854   1251751398.1560    0     0.19 
  9853   1251751400.6560    0     0.19 
  9852   1251751403.1560    0     0.19 
  9851   1251751405.6560    0     0.19 
  9850   1251751408.1560    0     0.19 
  9849   1251751410.6560    0     0.19 
  9848   1251751413.1560    0     0.19 
  9847   1251751415.6560    0     0.19 
  9846   1251751418.1560    0     0.19 
  9845   1251751420.6560    0     0.19 
  9844   1251751423.1560    0     0.19 
  9843   1251751425.6560    0     0.19 
  9842   1251751428.1560    0     0.19 
  9841   1251751430.6560    0     0.19 
  9840   1251751433.1560    0     0.19 
  9839   1251751435.6560    0     0.19 
  9838   1251751438.1560    0     0.19 
  9837   1251751440.6560    0     0.19 
  9836   1251751443.1560    0     0.19 
  9835   1251751445.6560    0     0.19 
  9834   1251751448.1560    0     0.19 
  9833   1251751450.6560    0     0.19 
  9832   1251751453.1560    0     0.19 
  9831   1251751455.6560    0     0.19 
  9830   1251751458.1560    0     0.19 
  9829   1251751460.6560    0     0.19 
  9828   1251751463.1560    0     0.19 
  9827   1251751465.6560    0     0.19 
  9826   1251751468.1560    0     0.19 
  9825   1251751470.6560    0     0.19 
  9824   1251751473.1560    0     0.19 
  9823   1251751475.6560    0     0.19 
  9822   1251751478.1560    0     0.19 
  9821   1251751480.6560    0     0.19 
  9820   1251751483.1560    0     0.19 
  9819   1251751485.6560    0     0.19 
  9818   1251751488.1560    0     0.19 
  9817   1251751490.6560    0     0.19 
  9816   1251751493.1560    0     0.19 
  9815   1251751495.6560    0     0.19 
  9814   1251751498.1560    0     0.19 
  9813   1251751500.6560    0     0.19 
  9812   1251751503.1560    0     0.19 
  9811   1251751505.6560    0     0.19 
  9810   1251751508.1560    0     0.19 
  9809   1251751510.6560    0     0.19 
  9808   1251751513.1560    0     0.19 
  9807   1251751515.6560    0     0.19 
  9806   1251751518.1560    0     0.19 
  9805   1251751520.6560    0     0.19 
  9804   1251751523.1560    0     0.19 
  9803   1251751525.6560    0     0.19 
  9802   1251751528.1560    0     0.19 
  9801   1251751530.6560    0     0.19 
  9800   1251751533.1560    0     0.19 
  9799   1251751535.6560    0     0.19 
  9798   1251751538.1560    0     0.19 
  9797   1251751540.6560    0     0.19 
  9796   1251751543.1560    0     0.19 
  9795   1251751545.6560    0     0.19 
  9794   1251751548.1560    0     0.19 
  9793   1251751550.6560    0     0.19 
  9792   1251751553.1560    0     0.19 
  9791   1251751555.6560    0     0.19 
  9790   1251751558.1560    0     0.19 
  9789   1251751560.6560    0     0.19 
  9788   1251751563.1560    0     0.19 
  9787   1251751565.6560    0     0.19 
  9786   1251751568.1560    0     0.19 
  9785   1251751570.6560    0     0.19 
  9784   1251751573.1560    0     0.19 
  9783   1251751575.6560    0     0.19 
  9782   1251751578.1560    0     0.19 
  9781   1251751580.6560    0     0.19 
  9780   1251751583.1560    0     0.19 
  9779   1251751585.6560    0     0.19 
  9778   1251751588.1560    0     0.19 
  9777   1251751590.6560    0     0.19 
  9776   1251751593.1560    0     0.19 
  9775   1251751595.6560    0     0.19 
  9774   1251751598.1560    0     0.19 
  9773   1251751600.6560    0     0.19 
  9772   1251751603.1560    0     0.19 
  9771   1251751605.6560    0     0.19 
  9770   1251751608.1560    0     0.19 
  9769   1251751610.6560    0     0.19 
  9768   1251751613.1560    0     0.19 
  9767   1251751615.6560    0     0.19 
  9766   1251751618.1560    0     0.19 
  9765   1251751620.6560    0     0.19 
  9764   1251751623.1560    0     0.19 
  9763   1251751625.6560    0     0.19 
  9762   1251751628.1560    0     0.19 
  9761   1251751630.6560    0     0.19 
  9760   1251751633.1560    0     0.19 
  9759   1251751635.6560    0     0.19 
  9758   1251751638.1560    0     0.19 
  9757   1251751640.6560    0     0.19 
  9756   1251751643.1560    0     0.19 
  9755   1251751645.6560    0     0.19 
  9754   1251751648.1560    0     0.19 
  9753   1251751650.6560    0     0.19 
  9752   1251751653.1560    0     0.19 
  9751   1251751655.6560    0     0.19 
  9750   1251751658.1560    0     0.19 
  9749   1251751660.6560    0     0.19 
  9748   1251751663.1560    0     0.19 
  9747   1251751665.6560    0     0.19 
  9746   1251751668.1560    0     0.19 
  9745   1251751670.6560    0     0.19 
  9744   1251751673.1560    0     0.19 
  9743   1251751675.6560    0     0.19 
  9742   1251751678.2560    0     0.19 
  9741   1251751680.8560    0     0.19 
  9740   1251751683.4560    0     0.19 
  9739   1251751686.0560    0     0.19 
  9738   1251751688.6560    0     0.19 
  9737   1251751691.2560    0     0.19 
  9736   1251751693.8560    0     0.19 
  9735   1251751696.4560    0     0.19 
  9734   1251751699.0560    0     0.19 
  9733   1251751701.6560    0     0.19 
  9732   1251751704.2560    0     0.19 
  9731   1251751706.8560    0     0.19 
  9730   1251751709.4560    0     0.19 
  9729   1251751712.0560    0     0.19 
  9728   1251751714.6560    0     0.19 
  9727   1251751717.2560    0     0.19 
  9726   1251751719.8560    0     0.19 
  9725   1251751722.4560    0     0.19 
  9724   1251751725.0560    0     0.19 
  9723   1251751727.6560    0     0.19 
  9722   1251751730.2560    0     0.19 
  9721   1251751732.8560    0     0.19 
  9720   1251751735.4560    0     0.19 
  9719   1251751738.0560    0     0.19 
  9718   1251751740.6560    0     0.19 
  9717   1251751743.2560    0     0.19 
  9716   1251751745.8560    0     0.19 
  9715   1251751748.4560    0     0.19 
  9714   1251751751.0560    0     0.19 
  9713   1251751753.6560    0     0.19 
  9712   1251751756.2560    0     0.19 
  9711   1251751758.8560    0     0.19 
  9710   1251751761.4560    0     0.19 
  9709   1251751764.0560    0     0.19 
  9708   1251751766.6560    0     0.19 
  9707   1251751769.2560    0     0.19 
  9706   1251751771.8560    0     0.19 
  9705   1251751774.4560    0     0.19 
  9704   1251751777.0560    0     0.19 
  9703   1251751779.6560    0     0.19 
  9702   1251751782.2560    0     0.19 
  9701   1251751784.8560    0     0.19 
  9700   1251751787.4560    0     0.19 
  9699   1251751790.0560    0     0.19 
  9698   1251751792.6560    0     0.19 
  9697   1251751795.2560    0     0.19 
  9696   1251751797.8560    0     0.19 
  9695   1251751800.4560    0     0.18 
  9694   1251751803.0560    0     0.18 
  9693   1251751805.6560    0     0.18 
  9692   1251751808.2560    0     0.18 
  9691   1251751810.8560    0     0.18 
  9690   1251751813.4560    0     0.18 
  9689   1251751816.0560    0     0.18 
  9688   1251751818.6560    0     0.18 
  9687   1251751821.2560    0     0.18 
  9686   1251751823.8560    0     0.18 
  9685   1251751826.4560    0     0.18 
  9684   1251751829.0560    0     0.18 
  9683   1251751831.6560    0     0.18 
  9682   1251751834.2560    0     0.18 
  9681   1251751836.8560    0     0.18 
  9680   1251751839.4560    0     0.18 
  9679   1251751842.0560    0     0.18 
  9678   1251751844.6560    0     0.18 
  9677   1251751847.2560    0     0.18 
  9676   1251751849.8560    0     0.18 
  9675   1251751852.4560    0     0.18 
  9674   1251751855.0560    0     0.18 
  9673   1251751857.6560    0     0.18 
  9672   1251751860.2560    0     0.18 
  9671   1251751862.8560    0     0.18 
  9670   1251751865.4560    0     0.18 
  9669   1251751868.0560    0     0.18 
  9668   1251751870.6560    0     0.18 
  9667   1251751873.2560    0     0.18 
  9666   1251751875.8560    0     0.18 
  9665   1251751878.4560    0     0.18 
  9664   1251751881.0560    0     0.18 
  9663   1251751883.6560    0     0.18 
  9662   1251751886.2560    0     0.18 
  9661   1251751888.8560    0     0.18 
  9660   1251751891.4560    0     0.18 
  9659   1251751894.0560    0     0.18 
  9658   1251751896.6560    0     0.18 
  9657   1251751899.2560    0     0.18 
  9656   1251751901.8560    0     0.18 
  9655   1251751904.4560    0     0.18 
  9654   1251751907.0560    0     0.18 
  9653   1251751909.6560    0     0.18 
  9652   1251751912.2560    0     0.18 
  9651   1251751914.8560    0     0.18 
  9650   1251751917.4560    0     0.18 
  9649   1251751920.0560    0     0.18 
  9648   1251751922.6560    0     0.18 
  9647   1251751925.2560    0     0.18 
  9646   1251751927.8560    0     0.18 
  9645   1251751930.4560    0     0.18 
  9644   1251751933.0560    0     0.18 
  9643   1251751935.6560    0     0.18 
  9642   1251751938.2560    0     0.18 
  9641   1251751940.8560    0     0.18 
  9640   1251751943.4560    0     0.18 
  9639   1251751946.0560    0     0.18 
  9638   1251751948.6560    0     0.18 
  9637   1251751951.2560    0     0.18 
  9636   1251751953.8560    0     0.18 
  9635   1251751956.4560    0     0.18 
  9634   1251751959.0560    0     0.18 
  9633   1251751962.0560    0     0.18 
  9632   1251751965.0560    0     0.18 
  9631   1251751968.0560    0     0.18 
  9630   1251751971.0560    0     0.18 
  9629   1251751974.0560    0     0.18 
  9628   1251751977.0560    0     0.18 
  9627   1251751980.0560    0     0.18 
  9626   1251751983.0560    0     0.18 
  9625   1251751986.0560    0     0.18 
  9624   1251751989.0560    0     0.18 
  9623   1251751992.0560    0     0.18 
  9622   1251751995.0560    0     0.18 
  9621   1251751998.0560    0     0.18 
  9620   1251752001.0560    0     0.18 
  9619   1251752004.0560    0     0.18 
  9618   1251752007.0560    0     0.18 
  9617   1251752010.0560    0     0.18 
  9616   1251752013.0560    0     0.18 
  9615   1251752016.0560    0     0.18 
  9614   1251752019.0560    0     0.18 
  9613   1251752022.0560    0     0.18 
  9612   1251752025.0560    0     0.18 
  9611   1251752028.0560    0     0.18 
  9610   1251752031.0560    0     0.18 
  9609   1251752033.6560    0     0.18 
  9608   1251752036.2560    0     0.18 
  9607   1251752038.8560    0     0.18 
  9606   1251752041.4560    0     0.18 
  9605   1251752044.0560    0     0.18 
  9604   1251752046.6560    0     0.18 
  9603   1251752049.2560    0     0.18 
  9602   1251752051.8560    0     0.18 
  9601   1251752054.4560    0     0.18 
  9600   1251752057.0560    0     0.18 
  9599   1251752059.6560    0     0.18 
  9598   1251752062.2560    0     0.18 
  9597   1251752064.8560    0     0.18 
  9596   1251752067.4560    0     0.18 
  9595   1251752070.0560    0     0.18 
  9594   1251752072.6560    0     0.18 
  9593   1251752075.2560    0     0.18 
  9592   1251752077.8560    0     0.18 
  9591   1251752080.4560    0     0.18 
  9590   1251752083.0560    0     0.18 
  9589   1251752085.6560    0     0.18 
  9588   1251752088.2560    0     0.18 
  9587   1251752090.8560    0     0.18 
  9586   1251752093.4560    0     0.18 
  9585   1251752096.0560    0     0.18 
  9584   1251752098.6560    0     0.18 
  9583   1251752101.2560    0     0.18 
  9582   1251752103.8560    0     0.18 
  9581   1251752106.4560    0     0.18 
  9580   1251752109.0560    0     0.18 
  9579   1251752111.6560    0     0.18 
  9578   1251752114.2560    0     0.18 
  9577   1251752116.8560    0     0.18 
  9576   1251752119.4560    0     0.18 
  9575   1251752122.0560    0     0.18 
  9574   1251752124.6560    0     0.18 
  9573   1251752127.2560    0     0.18 
  9572   1251752129.8560    0     0.18 
  9571   1251752132.4560    0     0.18 
  9570   1251752135.0560    0     0.18 
  9569   1251752137.6560    0     0.18 
  9568   1251752140.2560    0     0.18 
  9567   1251752142.8560    0     0.18 
  9566   1251752145.4560    0     0.18 
  9565   1251752148.0560    0     0.18 
  9564   1251752150.6560    0     0.18 
  9563   1251752153.2560    0     0.18 
  9562   1251752155.8560    0     0.18 
  9561   1251752158.4560    0     0.18 
  9560   1251752161.0560    0     0.18 
  9559   1251752163.6560    0     0.18 
  9558   1251752166.2560    0     0.18 
  9557   1251752168.8560    0     0.18 
  9556   1251752171.4560    0     0.18 
  9555   1251752174.0560    0     0.18 
  9554   1251752176.6560    0     0.18 
  9553   1251752179.2560    0     0.18 
  9552   1251752181.8560    0     0.18 
  9551   1251752184.4560    0     0.18 
  9550   1251752187.0560    0     0.18 
  9549   1251752189.6560    0     0.18 
  9548   1251752192.2560    0     0.18 
  9547   1251752194.8560    0     0.18 
  9546   1251752197.4560    0     0.18 
  9545   1251752200.0560    0     0.18 
  9544   1251752202.6560    0     0.18 
  9543   1251752205.2560    0     0.18 
  9542   1251752207.8560    0     0.18 
  9541   1251752210.4560    0     0.18 
  9540   1251752213.0560    0     0.18 
  9539   1251752215.6560    0     0.18 
  9538   1251752218.2560    0     0.18 
  9537   1251752220.8560    0     0.18 
  9536   1251752223.4560    0     0.18 
  9535   1251752226.0560    0     0.18 
  9534   1251752228.6560    0     0.18 
  9533   1251752231.2560    0     0.18 
  9532   1251752233.8560    0     0.18 
  9531   1251752236.4560    0     0.18 
  9530   1251752239.0560    0     0.18 
  9529   1251752241.6560    0     0.18 
  9528   1251752244.2560    0     0.18 
  9527   1251752246.8560    0     0.18 
  9526   1251752249.4560    0     0.18 
  9525   1251752252.0560    0     0.18 
  9524   1251752254.6560    0     0.18 
  9523   1251752257.2560    0     0.18 
  9522   1251752259.8560    0     0.18 
  9521   1251752262.4560    0     0.18 
  9520   1251752265.0560    0     0.18 
  9519   1251752267.6560    0     0.18 
  9518   1251752270.2560    0     0.18 
  9517   1251752272.8560    0     0.18 
  9516   1251752275.4560    0     0.18 
  9515   1251752278.0560    0     0.18 
  9514   1251752280.6560    0     0.18 
  9513   1251752283.2560    0     0.18 
  9512   1251752285.8560    0     0.18 
  9511   1251752288.4560    0     0.18 
  9510   1251752291.0560    0     0.18 
  9509   1251752293.6560    0     0.18 
  9508   1251752296.2560    0     0.18 
  9507   1251752298.8560    0     0.18 
  9506   1251752301.4560    0     0.18 
  9505   1251752304.0560    0     0.18 
  9504   1251752306.6560    0     0.18 
  9516   1251752315.3120    0     0.18 
  9515   1251752317.9120    0     0.18 
  9514   1251752320.5120    0     0.18 
  9513   1251752323.1120    0     0.18 
  9512   1251752325.7120    0     0.18 
  9511   1251752328.3120    0     0.18 
  9510   1251752330.9120    0     0.18 
  9509   1251752333.5120    0     0.18 
  9508   1251752336.1120    0     0.18 
  5450   1251752343.8400    0     0.18 
  5449   1251752348.8920    0     0.18 
